----- DCC basic information: -----
	context version: 4
	chart_type: Line chart
	dcc_stack_cnt: 10
	dcc_fit_cnt: 8
	dcc_search_range: 48
	dcc_map_overlap: 0.5
	fv_measure_channel: 1
	dcc_val_tol(:, 0):     0.2     0.2     0.2     0.2     0.2     0.2     0.2     0.2
	dcc_val_tol(:, 1):     0.2     0.2     0.2     0.2     0.2     0.2     0.2     0.2
	dcc_val_tol(:, 2):     0.2     0.2     0.2     0.2     0.2     0.2     0.2     0.2
	dcc_val_tol(:, 3):     0.2     0.2     0.2     0.2     0.2     0.2     0.2     0.2
	dcc_val_tol(:, 4):     0.2     0.2     0.2     0.2     0.2     0.2     0.2     0.2
	dcc_val_tol(:, 5):     0.2     0.2     0.2     0.2     0.2     0.2     0.2     0.2
	DCC return value: 0x0


----- Gain map information: -----
	gain map size (17, 13)
	Left image gain map values:
		964	833	723	644	580	528	490	465	456	459	476	505	545	604	686	828	1045	
		906	772	672	593	526	472	434	410	399	402	416	445	487	548	623	730	912	
		849	726	632	548	478	426	386	363	352	354	369	396	438	499	578	672	813	
		809	697	598	512	441	389	350	325	315	319	333	360	403	465	545	638	751	
		785	676	573	487	414	360	320	294	284	288	305	332	375	439	520	609	711	
		772	663	559	470	398	343	301	273	263	269	286	316	361	423	501	591	690	
		768	659	554	465	391	336	293	265	256	261	279	309	354	416	496	585	683	
		772	666	561	470	397	341	299	272	261	267	283	313	357	419	497	585	686	
		785	676	578	487	413	358	317	291	280	283	299	327	370	431	507	591	693	
		813	697	601	512	439	382	343	317	307	310	324	351	391	451	524	606	719	
		849	726	629	545	473	418	377	351	339	342	354	379	418	475	545	629	768	
		900	772	669	585	516	462	419	394	380	379	390	415	453	507	573	672	844	
		944	833	715	629	561	507	467	441	428	427	438	462	497	548	623	755	937	
	Right image gain map values:
		1235	957	790	690	617	564	528	505	499	507	526	561	612	676	755	860	977	
		1096	860	726	635	559	507	468	445	437	444	465	501	554	620	697	790	912	
		992	804	686	588	509	456	422	399	390	396	416	453	505	573	653	742	849	
		918	763	647	543	467	415	380	358	350	354	376	411	462	528	612	704	804	
		877	734	617	512	437	385	349	325	316	324	347	382	432	499	580	676	776	
		854	719	598	496	420	366	329	306	295	302	326	364	414	482	566	659	755	
		849	715	591	488	413	359	323	300	288	293	319	358	410	478	561	653	751	
		844	708	588	490	415	363	329	307	297	302	327	365	416	483	566	659	755	
		854	715	598	505	431	380	348	326	319	325	349	385	435	503	585	676	772	
		888	730	620	526	454	406	375	355	349	355	378	414	463	533	612	700	799	
		950	763	650	559	488	441	409	390	385	391	415	453	505	571	647	738	849	
		1045	813	683	598	533	485	451	432	430	439	465	505	554	617	690	785	906	
		1171	918	742	644	583	541	509	488	485	496	522	559	609	666	746	860	957	


----- DCC map information: -----
	DCC Q factor: 4
	DCC map size (8, 6)
	DCC map values:
		418	339	289	279	281	293	338	436	
		398	330	287	280	283	291	329	401	
		379	325	294	288	286	294	323	397	
		385	320	294	291	287	289	315	382	
		405	321	289	287	284	289	321	381	
		448	336	292	288	284	293	331	407	


----- Lens Position Map Information: -----
	                                        grid index:    (0,0)   (1,0)   (2,0)   (3,0)   (4,0)   (5,0)   (6,0)   (7,0)
	                    estimated focus position by FV:      306     310     318     325     328     326     325     332
	                    estimated focus position by PD:      304     314     331     344     348     345     342     348
	            difference between estimated FV and PD:       -2       4      13      19      20      19      17      16
	                                PD linearity level:    0.048   0.036   0.032   0.032   0.032   0.032   0.038   0.036
	Normalized: difference between estimated FV and PD:   -0.008   0.015   0.050   0.073   0.076   0.073   0.065   0.061


	                                        grid index:    (0,1)   (1,1)   (2,1)   (3,1)   (4,1)   (5,1)   (6,1)   (7,1)
	                    estimated focus position by FV:      311     317     327     341     343     338     329     333
	                    estimated focus position by PD:      302     314     336     348     351     345     339     343
	            difference between estimated FV and PD:       -9      -3       9       7       8       7      10      10
	                                PD linearity level:    0.042   0.026   0.034   0.033   0.033   0.031   0.037   0.041
	Normalized: difference between estimated FV and PD:   -0.034  -0.011   0.034   0.027   0.031   0.027   0.038   0.038


	                                        grid index:    (0,2)   (1,2)   (2,2)   (3,2)   (4,2)   (5,2)   (6,2)   (7,2)
	                    estimated focus position by FV:      315     322     341     347     347     345     338     335
	                    estimated focus position by PD:      305     319     344     356     355     349     343     347
	            difference between estimated FV and PD:      -10      -3       3       9       8       4       5      12
	                                PD linearity level:    0.034   0.032   0.033   0.032   0.032   0.033   0.034   0.035
	Normalized: difference between estimated FV and PD:   -0.038  -0.011   0.011   0.034   0.031   0.015   0.019   0.046


	                                        grid index:    (0,3)   (1,3)   (2,3)   (3,3)   (4,3)   (5,3)   (6,3)   (7,3)
	                    estimated focus position by FV:      318     324     345     349     349     347     342     340
	                    estimated focus position by PD:      314     327     350     361     360     355     350     355
	            difference between estimated FV and PD:       -4       3       5      12      11       8       8      15
	                                PD linearity level:    0.037   0.036   0.031   0.031   0.029   0.031   0.032   0.037
	Normalized: difference between estimated FV and PD:   -0.015   0.011   0.019   0.046   0.042   0.031   0.031   0.057


	                                        grid index:    (0,4)   (1,4)   (2,4)   (3,4)   (4,4)   (5,4)   (6,4)   (7,4)
	                    estimated focus position by FV:      321     325     343     348     349     346     343     346
	                    estimated focus position by PD:      326     335     352     362     363     362     364     371
	            difference between estimated FV and PD:        5      10       9      14      14      16      21      25
	                                PD linearity level:    0.034   0.035   0.031   0.030   0.027   0.028   0.035   0.045
	Normalized: difference between estimated FV and PD:    0.019   0.038   0.034   0.053   0.053   0.061   0.080   0.095


	                                        grid index:    (0,5)   (1,5)   (2,5)   (3,5)   (4,5)   (5,5)   (6,5)   (7,5)
	                    estimated focus position by FV:      326     326     334     344     347     344     344     350
	                    estimated focus position by PD:      335     341     355     364     365     366     370     377
	            difference between estimated FV and PD:        9      15      21      20      18      22      26      27
	                                PD linearity level:    0.030   0.035   0.029   0.029   0.029   0.030   0.036   0.041
	Normalized: difference between estimated FV and PD:    0.034   0.057   0.080   0.076   0.069   0.084   0.099   0.103


	**** MAX: Normalized: linearity_level:    0.048


	**** MAX: Normalized: difference between estimated FV and PD:    0.103


----- Stack Map Information: -----
DCC grid cell index: (0, 0)
RAW lens position: 	      204	      233	      262	      291	      320	      350	      379	      408	      437	      466	
Phrase disparity: 	   -3.954	   -2.162	   -1.211	   -0.360	    0.250	    1.014	    2.052	    3.911	    5.833	    7.012	
      Focus value: 	   181784	   192973	   218091	   320288	   322656	   218632	   197668	   182681	   172888	   167813	
    PD confidence: 	     1024	     1024	     1024	     1024	     1024	     1024	     1024	     1024	     1024	     1024	
     Return error: 	        0	        0	        0	        0	        0	        0	        0	        0	        0	        0	


DCC grid cell index: (1, 0)
RAW lens position: 	      204	      233	      262	      291	      320	      350	      379	      408	      437	      466	
Phrase disparity: 	   -5.816	   -3.605	   -2.076	   -0.751	    0.072	    0.996	    2.133	    4.601	    6.344	    7.402	
      Focus value: 	   155663	   166122	   186955	   286692	   308531	   210038	   179780	   162044	   153468	   147641	
    PD confidence: 	     1024	     1024	     1024	     1024	     1024	     1024	     1024	     1024	     1024	     1024	
     Return error: 	        0	        0	        0	        0	        0	        0	        0	        0	        0	        0	


DCC grid cell index: (2, 0)
RAW lens position: 	      204	      233	      262	      291	      320	      350	      379	      408	      437	      466	
Phrase disparity: 	   -7.314	   -5.896	   -3.532	   -1.465	   -0.298	    0.607	    1.722	    4.081	    6.179	    7.339	
      Focus value: 	   134220	   142517	   157895	   231690	   296976	   219901	   168382	   147540	   141064	   132491	
    PD confidence: 	     1024	     1024	     1024	     1024	     1024	     1024	     1024	     1024	     1024	     1024	
     Return error: 	        0	        0	        0	        0	        0	        0	        0	        0	        0	        0	


DCC grid cell index: (3, 0)
RAW lens position: 	      204	      233	      262	      291	      320	      350	      379	      408	      437	      466	
Phrase disparity: 	   -7.888	   -6.738	   -4.797	   -2.231	   -0.613	    0.215	    1.343	    3.031	    5.665	    7.115	
      Focus value: 	   128516	   135001	   148097	   193079	   281020	   240331	   174404	   147845	   137544	   130426	
    PD confidence: 	     1024	     1024	     1024	     1024	     1024	     1024	     1024	     1024	     1024	     1024	
     Return error: 	        0	        0	        0	        0	        0	        0	        0	        0	        0	        0	


DCC grid cell index: (4, 0)
RAW lens position: 	      204	      233	      262	      291	      320	      350	      379	      408	      437	      466	
Phrase disparity: 	   -8.029	   -6.900	   -5.062	   -2.480	   -0.796	    0.109	    1.131	    2.692	    5.365	    6.976	
      Focus value: 	   130787	   138189	   150025	   190956	   276489	   255678	   183344	   156754	   145686	   138717	
    PD confidence: 	     1024	     1024	     1024	     1024	     1024	     1024	     1024	     1024	     1024	     1024	
     Return error: 	        0	        0	        0	        0	        0	        0	        0	        0	        0	        0	


DCC grid cell index: (5, 0)
RAW lens position: 	      204	      233	      262	      291	      320	      350	      379	      408	      437	      466	
Phrase disparity: 	   -7.753	   -6.552	   -4.526	   -2.188	   -0.758	    0.168	    1.195	    2.759	    5.386	    6.835	
      Focus value: 	   140804	   148211	   163792	   210892	   290443	   260642	   189247	   170063	   160575	   153249	
    PD confidence: 	     1024	     1024	     1024	     1024	     1024	     1024	     1024	     1024	     1024	     1024	
     Return error: 	        0	        0	        0	        0	        0	        0	        0	        0	        0	        0	


DCC grid cell index: (6, 0)
RAW lens position: 	      204	      233	      262	      291	      320	      350	      379	      408	      437	      466	
Phrase disparity: 	   -7.175	   -5.736	   -3.551	   -1.722	   -0.582	    0.214	    1.152	    2.411	    4.819	    6.323	
      Focus value: 	   162462	   170551	   185102	   233822	   316021	   281248	   209306	   195522	   185579	   176863	
    PD confidence: 	     1024	     1024	     1024	     1024	     1024	     1024	     1024	     1024	     1024	     1024	
     Return error: 	        0	        0	        0	        0	        0	        0	        0	        0	        0	        0	


DCC grid cell index: (7, 0)
RAW lens position: 	      204	      233	      262	      291	      320	      350	      379	      408	      437	      466	
Phrase disparity: 	   -6.442	   -4.834	   -2.835	   -1.530	   -0.661	    0.088	    0.788	    1.731	    3.303	    5.316	
      Focus value: 	   177739	   186926	   202833	   246291	   340899	   334855	   237539	   218631	   206404	   194918	
    PD confidence: 	     1024	     1024	     1024	     1024	     1024	     1024	     1024	     1024	     1024	     1024	
     Return error: 	        0	        0	        0	        0	        0	        0	        0	        0	        0	        0	


DCC grid cell index: (0, 1)
RAW lens position: 	      204	      233	      262	      291	      320	      350	      379	      408	      437	      466	
Phrase disparity: 	   -4.328	   -2.268	   -1.261	   -0.397	    0.362	    1.191	    2.305	    4.373	    6.004	    7.177	
      Focus value: 	   239496	   253908	   286559	   413359	   450057	   306488	   267367	   247862	   234970	   227581	
    PD confidence: 	     1024	     1024	     1024	     1024	     1024	     1024	     1024	     1024	     1024	     1024	
     Return error: 	        0	        0	        0	        0	        0	        0	        0	        0	        0	        0	


DCC grid cell index: (1, 1)
RAW lens position: 	      204	      233	      262	      291	      320	      350	      379	      408	      437	      466	
Phrase disparity: 	   -6.000	   -3.968	   -2.167	   -0.796	    0.196	    1.174	    2.386	    4.651	    6.363	    7.400	
      Focus value: 	   205585	   213987	   239013	   354143	   435445	   315141	   248533	   221891	   209186	   200682	
    PD confidence: 	     1024	     1024	     1024	     1024	     1024	     1024	     1024	     1024	     1024	     1024	
     Return error: 	        0	        0	        0	        0	        0	        0	        0	        0	        0	        0	


DCC grid cell index: (2, 1)
RAW lens position: 	      204	      233	      262	      291	      320	      350	      379	      408	      437	      466	
Phrase disparity: 	   -7.562	   -6.244	   -3.969	   -1.621	   -0.432	    0.459	    1.624	    3.531	    5.963	    7.179	
      Focus value: 	   180463	   190934	   209214	   275066	   412304	   366887	   243343	   206268	   188563	   178087	
    PD confidence: 	     1024	     1024	     1024	     1024	     1024	     1024	     1024	     1024	     1024	     1024	
     Return error: 	        0	        0	        0	        0	        0	        0	        0	        0	        0	        0	


DCC grid cell index: (3, 1)
RAW lens position: 	      204	      233	      262	      291	      320	      350	      379	      408	      437	      466	
Phrase disparity: 	   -8.058	   -6.954	   -5.216	   -2.418	   -0.909	    0.065	    1.097	    2.634	    5.335	    6.868	
      Focus value: 	   174821	   183535	   197169	   236271	   372475	   412167	   254397	   206203	   185432	   173819	
    PD confidence: 	     1024	     1024	     1024	     1024	     1024	     1024	     1024	     1024	     1024	     1024	
     Return error: 	        0	        0	        0	        0	        0	        0	        0	        0	        0	        0	


DCC grid cell index: (4, 1)
RAW lens position: 	      204	      233	      262	      291	      320	      350	      379	      408	      437	      466	
Phrase disparity: 	   -8.126	   -7.011	   -5.329	   -2.632	   -0.980	   -0.013	    0.940	    2.460	    5.105	    6.776	
      Focus value: 	   178606	   188206	   201678	   241020	   364195	   421354	   262438	   214965	   196257	   183111	
    PD confidence: 	     1024	     1024	     1024	     1024	     1024	     1024	     1024	     1024	     1024	     1024	
     Return error: 	        0	        0	        0	        0	        0	        0	        0	        0	        0	        0	


DCC grid cell index: (5, 1)
RAW lens position: 	      204	      233	      262	      291	      320	      350	      379	      408	      437	      466	
Phrase disparity: 	   -7.827	   -6.593	   -4.670	   -2.239	   -0.800	    0.170	    1.188	    2.748	    5.366	    6.848	
      Focus value: 	   193712	   203308	   222207	   268129	   384748	   401439	   263606	   229188	   213499	   201415	
    PD confidence: 	     1024	     1024	     1024	     1024	     1024	     1024	     1024	     1024	     1024	     1024	
     Return error: 	        0	        0	        0	        0	        0	        0	        0	        0	        0	        0	


DCC grid cell index: (6, 1)
RAW lens position: 	      204	      233	      262	      291	      320	      350	      379	      408	      437	      466	
Phrase disparity: 	   -7.103	   -5.722	   -3.421	   -1.621	   -0.505	    0.321	    1.316	    2.751	    5.112	    6.567	
      Focus value: 	   219948	   231582	   250793	   311258	   420362	   399550	   289814	   259963	   244372	   231098	
    PD confidence: 	     1024	     1024	     1024	     1024	     1024	     1024	     1024	     1024	     1024	     1024	
     Return error: 	        0	        0	        0	        0	        0	        0	        0	        0	        0	        0	


DCC grid cell index: (7, 1)
RAW lens position: 	      204	      233	      262	      291	      320	      350	      379	      408	      437	      466	
Phrase disparity: 	   -6.474	   -5.069	   -2.760	   -1.440	   -0.496	    0.230	    0.941	    2.023	    3.884	    5.659	
      Focus value: 	   244330	   257527	   275593	   328773	   451269	   444786	   321425	   288347	   270769	   257193	
    PD confidence: 	     1024	     1024	     1024	     1024	     1024	     1024	     1024	     1024	     1024	     1024	
     Return error: 	        0	        0	        0	        0	        0	        0	        0	        0	        0	        0	


DCC grid cell index: (0, 2)
RAW lens position: 	      204	      233	      262	      291	      320	      350	      379	      408	      437	      466	
Phrase disparity: 	   -4.569	   -2.669	   -1.502	   -0.535	    0.336	    1.193	    2.498	    4.374	    6.129	    7.146	
      Focus value: 	   248604	   259054	   278074	   400628	   485827	   326404	   275741	   255137	   238497	   227063	
    PD confidence: 	     1024	     1024	     1024	     1024	     1024	     1024	     1024	     1024	     1024	     1024	
     Return error: 	        0	        0	        0	        0	        0	        0	        0	        0	        0	        0	


DCC grid cell index: (1, 2)
RAW lens position: 	      204	      233	      262	      291	      320	      350	      379	      408	      437	      466	
Phrase disparity: 	   -6.292	   -4.583	   -2.276	   -0.843	    0.039	    0.947	    2.237	    4.211	    6.205	    7.318	
      Focus value: 	   210161	   222213	   243822	   325308	   464871	   359709	   269230	   232748	   214358	   203330	
    PD confidence: 	     1024	     1024	     1024	     1024	     1024	     1024	     1024	     1024	     1024	     1024	
     Return error: 	        0	        0	        0	        0	        0	        0	        0	        0	        0	        0	


DCC grid cell index: (2, 2)
RAW lens position: 	      204	      233	      262	      291	      320	      350	      379	      408	      437	      466	
Phrase disparity: 	   -7.703	   -6.505	   -4.438	   -1.785	   -0.903	    0.163	    1.291	    2.822	    5.392	    6.849	
      Focus value: 	   191214	   200483	   214642	   250110	   407076	   457636	   277185	   219720	   195391	   184040	
    PD confidence: 	     1024	     1024	     1024	     1024	     1024	     1024	     1024	     1024	     1024	     1024	
     Return error: 	        0	        0	        0	        0	        0	        0	        0	        0	        0	        0	


DCC grid cell index: (3, 2)
RAW lens position: 	      204	      233	      262	      291	      320	      350	      379	      408	      437	      466	
Phrase disparity: 	   -8.237	   -7.176	   -5.671	   -2.813	   -1.417	   -0.150	    0.793	    2.141	    4.584	    6.377	
      Focus value: 	   186058	   193635	   205167	   227313	   351065	   522222	   286507	   221523	   195138	   181628	
    PD confidence: 	     1024	     1024	     1024	     1024	     1024	     1024	     1024	     1024	     1024	     1024	
     Return error: 	        0	        0	        0	        0	        0	        0	        0	        0	        0	        0	


DCC grid cell index: (4, 2)
RAW lens position: 	      204	      233	      262	      291	      320	      350	      379	      408	      437	      466	
Phrase disparity: 	   -8.255	   -7.161	   -5.638	   -2.921	   -1.219	   -0.126	    0.809	    2.205	    4.674	    6.449	
      Focus value: 	   189278	   197844	   209817	   233361	   354533	   520280	   290408	   228541	   207917	   194209	
    PD confidence: 	     1024	     1024	     1024	     1024	     1024	     1024	     1024	     1024	     1024	     1024	
     Return error: 	        0	        0	        0	        0	        0	        0	        0	        0	        0	        0	


DCC grid cell index: (5, 2)
RAW lens position: 	      204	      233	      262	      291	      320	      350	      379	      408	      437	      466	
Phrase disparity: 	   -7.932	   -6.682	   -4.953	   -2.350	   -0.879	    0.159	    1.104	    2.481	    5.028	    6.672	
      Focus value: 	   201685	   211889	   226946	   259102	   380754	   478718	   293560	   242220	   223814	   210415	
    PD confidence: 	     1024	     1024	     1024	     1024	     1024	     1024	     1024	     1024	     1024	     1024	
     Return error: 	        0	        0	        0	        0	        0	        0	        0	        0	        0	        0	


DCC grid cell index: (6, 2)
RAW lens position: 	      204	      233	      262	      291	      320	      350	      379	      408	      437	      466	
Phrase disparity: 	   -7.232	   -5.957	   -3.906	   -1.845	   -0.603	    0.228	    1.176	    2.605	    4.917	    6.447	
      Focus value: 	   228794	   239085	   253433	   299986	   424085	   441723	   312474	   273009	   253760	   240709	
    PD confidence: 	     1024	     1024	     1024	     1024	     1024	     1024	     1024	     1024	     1024	     1024	
     Return error: 	        0	        0	        0	        0	        0	        0	        0	        0	        0	        0	


DCC grid cell index: (7, 2)
RAW lens position: 	      204	      233	      262	      291	      320	      350	      379	      408	      437	      466	
Phrase disparity: 	   -6.701	   -5.224	   -3.255	   -1.643	   -0.532	    0.137	    0.847	    1.974	    3.615	    5.580	
      Focus value: 	   253905	   262502	   276174	   320647	   456586	   458669	   335431	   296730	   277998	   263516	
    PD confidence: 	     1024	     1024	     1024	     1024	     1024	     1024	     1024	     1024	     1024	     1024	
     Return error: 	        0	        0	        0	        0	        0	        0	        0	        0	        0	        0	


DCC grid cell index: (0, 3)
RAW lens position: 	      204	      233	      262	      291	      320	      350	      379	      408	      437	      466	
Phrase disparity: 	   -5.363	   -3.186	   -1.788	   -0.692	    0.099	    0.820	    2.009	    3.690	    5.788	    6.996	
      Focus value: 	   246586	   262033	   284671	   392766	   519088	   360932	   294585	   265018	   252382	   241721	
    PD confidence: 	     1024	     1024	     1024	     1024	     1024	     1024	     1024	     1024	     1024	     1024	
     Return error: 	        0	        0	        0	        0	        0	        0	        0	        0	        0	        0	


DCC grid cell index: (1, 3)
RAW lens position: 	      204	      233	      262	      291	      320	      350	      379	      408	      437	      466	
Phrase disparity: 	   -6.697	   -5.111	   -2.785	   -1.101	   -0.269	    0.551	    1.841	    3.736	    5.955	    7.183	
      Focus value: 	   218820	   231910	   252202	   321487	   488008	   399230	   290506	   248628	   230892	   218209	
    PD confidence: 	     1024	     1024	     1024	     1024	     1024	     1024	     1024	     1024	     1024	     1024	
     Return error: 	        0	        0	        0	        0	        0	        0	        0	        0	        0	        0	


DCC grid cell index: (2, 3)
RAW lens position: 	      204	      233	      262	      291	      320	      350	      379	      408	      437	      466	
Phrase disparity: 	   -7.858	   -6.728	   -5.038	   -2.232	   -1.116	   -0.020	    1.007	    2.508	    4.987	    6.658	
      Focus value: 	   200633	   209940	   223867	   253203	   407440	   516698	   301620	   239590	   212031	   196810	
    PD confidence: 	     1024	     1024	     1024	     1024	     1024	     1024	     1024	     1024	     1024	     1024	
     Return error: 	        0	        0	        0	        0	        0	        0	        0	        0	        0	        0	


DCC grid cell index: (3, 3)
RAW lens position: 	      204	      233	      262	      291	      320	      350	      379	      408	      437	      466	
Phrase disparity: 	   -8.347	   -7.309	   -5.892	   -3.224	   -1.471	   -0.263	    0.618	    1.868	    4.220	    6.134	
      Focus value: 	   198199	   206020	   217782	   236581	   343479	   573954	   317224	   237874	   210844	   196035	
    PD confidence: 	     1024	     1024	     1024	     1024	     1024	     1024	     1024	     1024	     1024	     1024	
     Return error: 	        0	        0	        0	        0	        0	        0	        0	        0	        0	        0	


DCC grid cell index: (4, 3)
RAW lens position: 	      204	      233	      262	      291	      320	      350	      379	      408	      437	      466	
Phrase disparity: 	   -8.414	   -7.338	   -5.917	   -3.437	   -1.388	   -0.201	    0.680	    1.956	    4.281	    6.227	
      Focus value: 	   202135	   209801	   222714	   242177	   351624	   577252	   323510	   244310	   221676	   209960	
    PD confidence: 	     1024	     1024	     1024	     1024	     1024	     1024	     1024	     1024	     1024	     1024	
     Return error: 	        0	        0	        0	        0	        0	        0	        0	        0	        0	        0	


DCC grid cell index: (5, 3)
RAW lens position: 	      204	      233	      262	      291	      320	      350	      379	      408	      437	      466	
Phrase disparity: 	   -8.218	   -7.011	   -5.544	   -2.906	   -1.144	   -0.044	    0.866	    2.222	    4.679	    6.425	
      Focus value: 	   211439	   221025	   234258	   262720	   383012	   522779	   323815	   258994	   237975	   225712	
    PD confidence: 	     1024	     1024	     1024	     1024	     1024	     1024	     1024	     1024	     1024	     1024	
     Return error: 	        0	        0	        0	        0	        0	        0	        0	        0	        0	        0	


DCC grid cell index: (6, 3)
RAW lens position: 	      204	      233	      262	      291	      320	      350	      379	      408	      437	      466	
Phrase disparity: 	   -7.597	   -6.380	   -4.670	   -2.236	   -0.877	    0.034	    0.942	    2.285	    4.551	    6.280	
      Focus value: 	   232664	   241031	   258194	   295323	   435744	   478632	   330295	   289651	   267190	   253074	
    PD confidence: 	     1024	     1024	     1024	     1024	     1024	     1024	     1024	     1024	     1024	     1024	
     Return error: 	        0	        0	        0	        0	        0	        0	        0	        0	        0	        0	


DCC grid cell index: (7, 3)
RAW lens position: 	      204	      233	      262	      291	      320	      350	      379	      408	      437	      466	
Phrase disparity: 	   -7.107	   -5.757	   -3.899	   -1.940	   -0.832	   -0.064	    0.698	    1.652	    3.251	    5.321	
      Focus value: 	   250376	   261956	   278605	   314419	   457908	   489835	   347248	   307853	   287721	   272033	
    PD confidence: 	     1024	     1024	     1024	     1024	     1024	     1024	     1024	     1024	     1024	     1024	
     Return error: 	        0	        0	        0	        0	        0	        0	        0	        0	        0	        0	


DCC grid cell index: (0, 4)
RAW lens position: 	      204	      233	      262	      291	      320	      350	      379	      408	      437	      466	
Phrase disparity: 	   -5.660	   -3.668	   -2.205	   -1.006	   -0.230	    0.473	    1.504	    2.841	    5.024	    6.525	
      Focus value: 	   255060	   270735	   296816	   384792	   534048	   417340	   318659	   287974	   270831	   259447	
    PD confidence: 	     1024	     1024	     1024	     1024	     1024	     1024	     1024	     1024	     1024	     1024	
     Return error: 	        0	        0	        0	        0	        0	        0	        0	        0	        0	        0	


DCC grid cell index: (1, 4)
RAW lens position: 	      204	      233	      262	      291	      320	      350	      379	      408	      437	      466	
Phrase disparity: 	   -6.950	   -5.518	   -3.333	   -1.487	   -0.477	    0.370	    1.488	    3.206	    5.490	    6.892	
      Focus value: 	   228469	   241164	   263731	   332216	   507557	   430277	   301511	   272260	   249564	   235993	
    PD confidence: 	     1024	     1024	     1024	     1024	     1024	     1024	     1024	     1024	     1024	     1024	
     Return error: 	        0	        0	        0	        0	        0	        0	        0	        0	        0	        0	


DCC grid cell index: (2, 4)
RAW lens position: 	      204	      233	      262	      291	      320	      350	      379	      408	      437	      466	
Phrase disparity: 	   -7.988	   -6.923	   -5.355	   -2.628	   -1.083	   -0.079	    0.861	    2.487	    4.862	    6.610	
      Focus value: 	   207402	   218689	   234082	   270333	   422451	   493958	   295239	   255384	   228373	   212525	
    PD confidence: 	     1024	     1024	     1024	     1024	     1024	     1024	     1024	     1024	     1024	     1024	
     Return error: 	        0	        0	        0	        0	        0	        0	        0	        0	        0	        0	


DCC grid cell index: (3, 4)
RAW lens position: 	      204	      233	      262	      291	      320	      350	      379	      408	      437	      466	
Phrase disparity: 	   -8.424	   -7.425	   -6.063	   -3.472	   -1.456	   -0.305	    0.552	    1.878	    4.139	    6.167	
      Focus value: 	   204262	   213206	   226566	   249893	   360306	   538798	   318913	   250142	   225196	   210761	
    PD confidence: 	     1024	     1024	     1024	     1024	     1024	     1024	     1024	     1024	     1024	     1024	
     Return error: 	        0	        0	        0	        0	        0	        0	        0	        0	        0	        0	


DCC grid cell index: (4, 4)
RAW lens position: 	      204	      233	      262	      291	      320	      350	      379	      408	      437	      466	
Phrase disparity: 	   -8.625	   -7.536	   -6.221	   -3.863	   -1.561	   -0.325	    0.596	    1.833	    4.034	    6.153	
      Focus value: 	   207805	   216985	   231228	   254311	   358019	   538484	   337046	   259773	   236305	   223481	
    PD confidence: 	     1024	     1024	     1024	     1024	     1024	     1024	     1024	     1024	     1024	     1024	
     Return error: 	        0	        0	        0	        0	        0	        0	        0	        0	        0	        0	


DCC grid cell index: (5, 4)
RAW lens position: 	      204	      233	      262	      291	      320	      350	      379	      408	      437	      466	
Phrase disparity: 	   -8.543	   -7.371	   -6.034	   -3.576	   -1.495	   -0.337	    0.602	    1.853	    4.097	    6.184	
      Focus value: 	   216484	   225928	   240751	   272181	   396649	   505700	   336957	   277477	   253420	   241107	
    PD confidence: 	     1024	     1024	     1024	     1024	     1024	     1024	     1024	     1024	     1024	     1024	
     Return error: 	        0	        0	        0	        0	        0	        0	        0	        0	        0	        0	


DCC grid cell index: (6, 4)
RAW lens position: 	      204	      233	      262	      291	      320	      350	      379	      408	      437	      466	
Phrase disparity: 	   -7.951	   -6.912	   -5.485	   -3.019	   -1.373	   -0.350	    0.490	    1.635	    3.399	    5.801	
      Focus value: 	   236188	   248340	   265315	   298893	   441286	   497404	   345214	   302516	   279762	   266089	
    PD confidence: 	     1024	     1024	     1024	     1024	     1024	     1024	     1024	     1024	     1024	     1024	
     Return error: 	        0	        0	        0	        0	        0	        0	        0	        0	        0	        0	


DCC grid cell index: (7, 4)
RAW lens position: 	      204	      233	      262	      291	      320	      350	      379	      408	      437	      466	
Phrase disparity: 	   -7.443	   -6.371	   -4.830	   -2.585	   -1.319	   -0.504	    0.259	    1.016	    2.250	    4.354	
      Focus value: 	   256964	   268560	   283964	   309236	   434311	   523914	   374232	   327901	   303569	   292327	
    PD confidence: 	     1024	     1024	     1024	     1024	     1024	     1024	     1024	     1024	     1024	     1024	
     Return error: 	        0	        0	        0	        0	        0	        0	        0	        0	        0	        0	


DCC grid cell index: (0, 5)
RAW lens position: 	      204	      233	      262	      291	      320	      350	      379	      408	      437	      466	
Phrase disparity: 	   -5.659	   -4.052	   -2.337	   -1.154	   -0.269	    0.392	    1.255	    2.311	    3.798	    5.709	
      Focus value: 	   197110	   201193	   220239	   266085	   382492	   340457	   239724	   220726	   204707	   195268	
    PD confidence: 	     1024	     1024	     1024	     1024	     1024	     1024	     1024	     1024	     1024	     1024	
     Return error: 	        0	        0	        0	        0	        0	        0	        0	        0	        0	        0	


DCC grid cell index: (1, 5)
RAW lens position: 	      204	      233	      262	      291	      320	      350	      379	      408	      437	      466	
Phrase disparity: 	   -7.048	   -5.692	   -3.521	   -1.678	   -0.541	    0.218	    1.227	    2.707	    4.829	    6.378	
      Focus value: 	   176016	   185682	   198059	   240853	   372657	   323490	   218971	   206441	   187243	   176926	
    PD confidence: 	     1024	     1024	     1024	     1024	     1024	     1024	     1024	     1024	     1024	     1024	
     Return error: 	        0	        0	        0	        0	        0	        0	        0	        0	        0	        0	


DCC grid cell index: (2, 5)
RAW lens position: 	      204	      233	      262	      291	      320	      350	      379	      408	      437	      466	
Phrase disparity: 	   -8.021	   -7.003	   -5.457	   -2.844	   -1.156	   -0.136	    0.795	    2.367	    4.574	    6.477	
      Focus value: 	   159088	   167522	   178792	   202579	   324039	   323763	   204542	   188184	   169901	   160133	
    PD confidence: 	     1024	     1024	     1024	     1024	     1024	     1024	     1024	     1024	     1024	     1024	
     Return error: 	        0	        0	        0	        0	        0	        0	        0	        0	        0	        0	


DCC grid cell index: (3, 5)
RAW lens position: 	      204	      233	      262	      291	      320	      350	      379	      408	      437	      466	
Phrase disparity: 	   -8.488	   -7.500	   -6.208	   -3.712	   -1.646	   -0.339	    0.504	    1.828	    3.857	    6.122	
      Focus value: 	   154635	   162155	   171852	   190859	   281819	   338532	   218175	   183617	   166538	   157455	
    PD confidence: 	     1024	     1024	     1024	     1024	     1024	     1024	     1024	     1024	     1024	     1024	
     Return error: 	        0	        0	        0	        0	        0	        0	        0	        0	        0	        0	


DCC grid cell index: (4, 5)
RAW lens position: 	      204	      233	      262	      291	      320	      350	      379	      408	      437	      466	
Phrase disparity: 	   -8.674	   -7.617	   -6.383	   -3.986	   -1.664	   -0.330	    0.562	    1.773	    3.746	    5.948	
      Focus value: 	   157229	   164985	   173659	   191705	   269925	   337584	   236585	   191670	   174360	   165400	
    PD confidence: 	     1024	     1024	     1024	     1024	     1024	     1024	     1024	     1024	     1024	     1024	
     Return error: 	        0	        0	        0	        0	        0	        0	        0	        0	        0	        0	


DCC grid cell index: (5, 5)
RAW lens position: 	      204	      233	      262	      291	      320	      350	      379	      408	      437	      466	
Phrase disparity: 	   -8.543	   -7.468	   -6.217	   -3.898	   -1.582	   -0.365	    0.515	    1.651	    3.549	    5.842	
      Focus value: 	   166180	   173400	   184249	   205912	   297683	   342234	   248339	   208010	   190291	   178874	
    PD confidence: 	     1024	     1024	     1024	     1024	     1024	     1024	     1024	     1024	     1024	     1024	
     Return error: 	        0	        0	        0	        0	        0	        0	        0	        0	        0	        0	


DCC grid cell index: (6, 5)
RAW lens position: 	      204	      233	      262	      291	      320	      350	      379	      408	      437	      466	
Phrase disparity: 	   -7.983	   -7.001	   -5.653	   -3.450	   -1.540	   -0.456	    0.337	    1.387	    2.672	    5.031	
      Focus value: 	   183158	   192509	   204942	   226057	   318535	   367057	   266918	   231553	   213501	   202166	
    PD confidence: 	     1024	     1024	     1024	     1024	     1024	     1024	     1024	     1024	     1024	     1024	
     Return error: 	        0	        0	        0	        0	        0	        0	        0	        0	        0	        0	


DCC grid cell index: (7, 5)
RAW lens position: 	      204	      233	      262	      291	      320	      350	      379	      408	      437	      466	
Phrase disparity: 	   -7.241	   -6.197	   -4.726	   -2.993	   -1.521	   -0.605	    0.072	    0.787	    1.729	    3.392	
      Focus value: 	   201261	   209017	   219607	   236438	   309066	   409413	   310449	   255681	   237104	   223902	
    PD confidence: 	     1024	     1024	     1024	     1024	     1024	     1024	     1024	     1024	     1024	     1024	
     Return error: 	        0	        0	        0	        0	        0	        0	        0	        0	        0	        0	


