cal version: 4
gm_width: 17
gm_height: 13
gm_left:
820 694 599 540 499 467 446 434 433 443 464 493 531 581 666 781 905 
725 610 536 486 446 414 393 384 381 390 411 440 479 525 588 691 825 
646 551 490 440 401 370 350 339 339 348 367 396 434 481 536 619 746 
591 511 452 404 365 336 316 306 305 314 334 362 399 446 501 570 687 
556 484 426 378 342 312 289 278 278 288 309 339 375 420 475 542 646 
538 469 412 363 326 297 274 263 263 271 293 325 361 405 460 527 619 
531 464 406 359 321 291 269 257 256 265 288 318 355 399 452 519 610 
533 467 410 360 324 295 273 262 261 269 291 321 358 402 456 521 616 
547 479 420 374 338 309 285 275 274 282 303 333 367 415 469 533 634 
573 499 443 396 358 330 309 299 299 307 325 353 387 434 491 558 666 
613 529 472 425 387 359 339 329 328 337 355 382 418 464 519 596 717 
676 573 511 464 425 397 377 366 366 375 393 419 457 503 558 653 777 
754 646 563 511 474 445 425 412 412 422 439 467 503 549 625 733 847 
gm_right:
820 694 599 538 497 465 445 434 434 443 464 493 531 583 666 786 905 
725 610 536 484 443 412 392 381 380 390 411 440 479 525 588 694 820 
650 551 490 440 399 369 350 339 339 348 367 396 434 481 538 622 750 
594 511 452 404 364 335 316 305 305 314 334 362 399 445 501 573 687 
556 484 427 379 342 311 289 278 278 287 309 339 375 419 474 542 643 
540 469 412 363 327 297 274 263 262 271 293 325 361 405 460 527 619 
531 464 407 358 321 291 270 257 256 266 287 318 355 400 452 519 610 
536 467 409 361 324 295 273 262 260 269 291 321 358 402 456 523 616 
544 479 422 375 338 309 285 275 274 282 302 333 367 414 469 533 634 
570 499 443 396 357 330 309 299 298 307 325 353 386 434 490 558 666 
613 529 472 425 388 359 340 328 328 337 354 382 416 462 519 596 717 
676 576 513 465 426 397 378 366 366 374 392 420 457 501 558 653 777 
754 646 563 511 474 445 425 414 412 420 437 467 501 549 622 733 841 
dm_q_format: 4
dm_width: 8
dm_height: 6
dm:
237 288 271 259 247 241 272 360 
206 279 259 256 251 236 250 310 
208 273 255 258 253 239 235 270 
233 267 248 250 243 234 239 282 
278 272 244 246 243 232 242 306 
386 288 254 251 250 244 263 336 
checksum: 115
