4
17
13
1072
992
881
763
676
616
575
543
533
531
548
583
636
717
844
1026
1227
992
901
768
668
598
538
491
465
456
461
481
522
575
646
748
922
1155
930
798
680
592
522
466
423
398
394
403
426
465
522
598
692
832
1053
850
721
613
529
459
406
366
346
344
357
382
420
478
558
657
772
967
783
665
564
478
410
357
321
303
302
315
343
382
440
522
623
744
908
744
623
526
444
375
325
291
274
274
288
317
360
420
504
607
725
881
712
604
506
422
355
306
275
257
257
271
301
347
411
498
604
725
875
700
595
498
411
347
302
271
256
256
269
299
348
414
504
610
734
888
704
598
502
420
355
310
280
267
268
282
313
360
426
515
623
744
901
717
610
519
440
376
330
302
289
291
306
339
386
452
541
650
772
944
748
640
551
474
411
364
333
321
325
341
372
419
485
577
684
809
1008
798
684
592
522
461
413
381
368
370
386
417
466
533
623
725
875
1112
856
758
650
577
522
472
440
426
428
445
478
529
595
680
793
975
1240
1190
1008
850
730
657
616
595
586
595
616
665
739
832
952
1102
1253
1368
1082
895
744
654
598
553
526
510
513
533
575
640
730
844
975
1155
1293
983
798
680
601
536
496
465
445
445
461
493
551
636
744
868
1026
1202
895
739
643
558
487
444
411
392
389
400
431
481
558
661
783
930
1102
832
704
613
526
454
406
375
354
346
353
382
429
500
595
717
856
1026
798
684
592
502
429
381
347
322
310
315
343
389
454
548
668
804
967
783
676
583
491
420
368
331
306
292
296
321
366
431
524
640
772
930
788
684
592
500
425
370
330
302
290
294
318
361
425
515
629
758
908
815
700
607
517
442
386
346
315
303
306
329
373
437
526
636
763
908
856
725
629
541
468
414
373
343
327
331
353
396
461
551
657
783
930
930
763
665
577
506
452
409
380
365
367
390
434
502
589
696
815
967
1044
832
712
626
556
502
459
428
416
422
444
489
558
643
744
875
1026
1190
952
788
692
623
566
522
491
481
489
515
564
629
712
809
944
1082
