 LEFT LENS SHADING DATA
 RED Channel
 {
 23.333332  26.000000  29.333332  35.666668  39.333332  43.000000  45.666668  48.666664  48.333336  47.333332  45.666668  43.000000  39.333332  35.333332  30.666668  24.666668  22.000000 
 24.666668  30.000000  36.000000  41.000000  46.000000  51.000000  55.000000  58.000000  59.000000  58.000000  55.000000  51.000000  46.000000  42.000000  36.000000  30.000000  24.666668 
 27.333332  34.000000  40.000000  46.000000  52.000000  58.000000  64.000000  68.000000  69.000000  68.000000  64.000000  58.000000  52.000000  46.000000  41.000000  34.000000  27.333332 
 30.333332  37.000000  43.000000  50.000000  57.000000  65.000000  72.000000  77.000000  80.000000  78.000000  73.000000  66.000000  58.000000  51.000000  44.000000  38.000000  30.000000 
 32.000000  40.000000  46.000000  54.000000  63.000000  71.000000  80.000000  88.000000  90.000000  88.000000  81.000000  73.000000  64.000000  55.000000  47.000000  40.000000  33.333332 
 34.333332  41.000000  49.000000  57.000000  66.000000  76.000000  86.000000  95.000000  97.000000  94.000000  88.000000  77.000000  68.000000  58.000000  49.000000  42.000000  34.000000 
 34.000000  42.000000  49.000000  58.000000  67.000000  77.000000  88.000000  96.000000  99.000000  97.000000  89.000000  79.000000  68.000000  59.000000  50.000000  42.000000  34.000000 
 34.333332  41.000000  49.000000  57.000000  66.000000  75.000000  85.000000  93.000000  96.000000  93.000000  86.000000  76.000000  67.000000  58.000000  49.000000  42.000000  34.000000 
 32.000000  40.000000  47.000000  54.000000  62.000000  70.000000  78.000000  84.000000  87.000000  85.000000  79.000000  71.000000  63.000000  54.000000  47.000000  40.000000  32.000000 
 30.333332  37.000000  44.000000  50.000000  57.000000  64.000000  70.000000  75.000000  76.000000  75.000000  71.000000  65.000000  58.000000  50.000000  44.000000  37.000000  30.333332 
 27.333332  34.000000  40.000000  46.000000  51.000000  56.000000  61.000000  65.000000  66.000000  65.000000  62.000000  57.000000  52.000000  46.000000  40.000000  34.000000  27.333332 
 24.666668  30.000000  36.000000  41.000000  46.000000  49.000000  53.000000  56.000000  57.000000  56.000000  54.000000  50.000000  46.000000  41.000000  36.000000  30.000000  24.666668 
 22.000000  26.000000  30.666668  35.666668  39.333332  43.666668  46.333332  48.000000  47.666668  48.000000  46.000000  43.333332  39.333332  35.666668  30.666668  26.000000  23.333332 
 } 
 GR Channel
 {
 49.000000  55.666664  64.666664  75.666664  84.333336  92.000000  97.333336  101.000000  103.000000  100.666664  97.333336  92.000000  84.333336  75.666664  64.666664  55.666664  47.666668 
 54.333336  65.000000  78.000000  89.000000  99.000000  108.000000  116.000000  121.000000  123.000000  122.000000  116.000000  108.000000  99.000000  89.000000  78.000000  65.000000  54.333336 
 60.666664  74.000000  87.000000  98.000000  111.000000  123.000000  133.000000  140.000000  143.000000  141.000000  134.000000  123.000000  111.000000  98.000000  87.000000  74.000000  59.333336 
 66.333336  81.000000  94.000000  108.000000  122.000000  137.000000  151.000000  160.000000  163.000000  160.000000  151.000000  138.000000  123.000000  108.000000  94.000000  81.000000  66.333336 
 71.000000  87.000000  100.000000  116.000000  133.000000  150.000000  166.000000  180.000000  184.000000  179.000000  168.000000  151.000000  134.000000  116.000000  101.000000  86.000000  71.333336 
 75.333336  90.000000  104.000000  121.000000  139.000000  158.000000  176.000000  192.000000  197.000000  192.000000  179.000000  159.000000  140.000000  122.000000  105.000000  89.000000  74.333336 
 76.333336  91.000000  106.000000  123.000000  142.000000  160.000000  180.000000  195.000000  201.000000  195.000000  181.000000  161.000000  142.000000  124.000000  106.000000  90.000000  74.000000 
 74.000000  90.000000  104.000000  121.000000  139.000000  157.000000  174.000000  190.000000  194.000000  190.000000  176.000000  157.000000  139.000000  121.000000  104.000000  89.000000  73.000000 
 71.000000  87.000000  100.000000  116.000000  131.000000  147.000000  162.000000  173.000000  178.000000  174.000000  164.000000  149.000000  133.000000  115.000000  99.000000  85.000000  70.333336 
 66.333336  81.000000  94.000000  108.000000  122.000000  135.000000  146.000000  155.000000  158.000000  155.000000  148.000000  136.000000  123.000000  107.000000  94.000000  80.000000  64.000000 
 60.666664  74.000000  87.000000  99.000000  110.000000  121.000000  130.000000  136.000000  139.000000  137.000000  131.000000  122.000000  111.000000  99.000000  87.000000  73.000000  59.666664 
 55.333336  66.000000  78.000000  90.000000  99.000000  107.000000  114.000000  119.000000  121.000000  119.000000  115.000000  107.000000  99.000000  89.000000  77.000000  65.000000  54.333336 
 51.333336  58.000000  67.333336  79.333336  87.000000  95.000000  99.333336  103.000000  105.000000  104.333336  100.333336  95.000000  87.000000  78.333336  67.666664  58.333336  50.333336 
 } 
 GB Channel
 {
 50.333336  55.666664  64.666664  75.666664  84.333336  92.000000  98.333336  102.000000  104.000000  102.000000  98.333336  91.666664  85.666664  75.666664  64.666664  55.666664  47.666668 
 54.333336  65.000000  78.000000  89.000000  99.000000  108.000000  117.000000  122.000000  124.000000  122.000000  117.000000  109.000000  99.000000  89.000000  78.000000  65.000000  54.333336 
 60.666664  74.000000  86.000000  98.000000  111.000000  123.000000  134.000000  141.000000  144.000000  141.000000  134.000000  124.000000  111.000000  99.000000  87.000000  74.000000  60.666664 
 66.333336  81.000000  94.000000  107.000000  122.000000  138.000000  151.000000  161.000000  164.000000  161.000000  152.000000  138.000000  123.000000  108.000000  94.000000  81.000000  66.333336 
 71.333336  86.000000  100.000000  115.000000  132.000000  150.000000  166.000000  180.000000  184.000000  180.000000  168.000000  151.000000  134.000000  116.000000  101.000000  86.000000  71.333336 
 75.333336  90.000000  104.000000  121.000000  139.000000  158.000000  177.000000  193.000000  197.000000  192.000000  179.000000  159.000000  140.000000  122.000000  105.000000  89.000000  74.333336 
 76.333336  91.000000  105.000000  123.000000  141.000000  160.000000  180.000000  196.000000  201.000000  195.000000  182.000000  161.000000  142.000000  124.000000  106.000000  90.000000  75.333336 
 74.000000  90.000000  104.000000  121.000000  139.000000  157.000000  175.000000  190.000000  194.000000  190.000000  177.000000  157.000000  139.000000  121.000000  104.000000  89.000000  73.000000 
 72.333336  87.000000  100.000000  116.000000  131.000000  147.000000  162.000000  174.000000  179.000000  175.000000  164.000000  149.000000  133.000000  115.000000  100.000000  86.000000  70.000000 
 66.333336  81.000000  95.000000  108.000000  122.000000  136.000000  147.000000  156.000000  159.000000  156.000000  148.000000  136.000000  123.000000  108.000000  94.000000  80.000000  65.333336 
 60.666664  74.000000  88.000000  100.000000  111.000000  122.000000  131.000000  138.000000  140.000000  138.000000  132.000000  122.000000  112.000000  99.000000  87.000000  73.000000  59.666664 
 55.333336  66.000000  79.000000  90.000000  100.000000  108.000000  115.000000  120.000000  122.000000  120.000000  115.000000  108.000000  99.000000  89.000000  78.000000  65.000000  54.333336 
 51.333336  59.333336  68.333336  79.333336  88.000000  96.000000  100.333336  104.000000  106.000000  104.000000  100.333336  94.666664  88.333336  79.666664  67.333336  58.333336  51.666664 
 } 
 B Channel
 {
 31.000000  36.333332  43.000000  50.000000  55.666664  60.333336  64.000000  67.000000  67.666664  66.666664  64.000000  60.333336  55.666664  49.666664  43.000000  36.333332  31.000000 
 36.333332  43.000000  51.000000  58.000000  65.000000  71.000000  76.000000  79.000000  81.000000  80.000000  76.000000  71.000000  65.000000  59.000000  51.000000  43.000000  36.333332 
 40.000000  48.000000  57.000000  65.000000  72.000000  80.000000  86.000000  91.000000  93.000000  91.000000  87.000000  81.000000  73.000000  65.000000  57.000000  49.000000  39.666668 
 43.666668  53.000000  62.000000  71.000000  80.000000  89.000000  97.000000  102.000000  104.000000  103.000000  97.000000  90.000000  81.000000  71.000000  62.000000  54.000000  44.666668 
 47.666668  57.000000  66.000000  76.000000  86.000000  96.000000  105.000000  113.000000  116.000000  113.000000  106.000000  97.000000  87.000000  76.000000  66.000000  57.000000  47.666668 
 49.666664  59.000000  68.000000  78.000000  90.000000  101.000000  111.000000  120.000000  123.000000  120.000000  113.000000  101.000000  90.000000  79.000000  68.000000  59.000000  49.666664 
 51.000000  59.000000  69.000000  79.000000  90.000000  102.000000  113.000000  122.000000  125.000000  122.000000  114.000000  102.000000  91.000000  80.000000  69.000000  59.000000  49.666664 
 49.666664  59.000000  68.000000  78.000000  89.000000  99.000000  109.000000  118.000000  121.000000  118.000000  111.000000  100.000000  89.000000  78.000000  68.000000  59.000000  48.333336 
 47.666668  57.000000  66.000000  75.000000  84.000000  94.000000  102.000000  109.000000  112.000000  110.000000  103.000000  95.000000  86.000000  75.000000  65.000000  56.000000  46.666668 
 43.666668  53.000000  62.000000  70.000000  79.000000  87.000000  94.000000  99.000000  101.000000  99.000000  94.000000  87.000000  79.000000  70.000000  62.000000  53.000000  42.333332 
 39.666668  49.000000  58.000000  65.000000  72.000000  79.000000  84.000000  88.000000  90.000000  89.000000  85.000000  79.000000  72.000000  65.000000  57.000000  48.000000  38.666668 
 36.333332  43.000000  51.000000  59.000000  65.000000  70.000000  75.000000  78.000000  79.000000  78.000000  75.000000  70.000000  65.000000  59.000000  51.000000  43.000000  36.333332 
 33.666668  37.666668  44.333332  52.333336  57.000000  62.000000  65.666664  67.333336  68.333336  67.333336  65.666664  62.000000  58.333336  51.000000  44.333332  37.666668  32.333332 
 } 


 White Balance Data with optical Center Data
 r_center_x =  1044 r_center_y =  767 
 gr_center_x =  1069 gr_center_y =  754 
 b_center_x =  1047 b_center_y =  737 
 gb_center_x =  1052 gb_center_y =  740 
 r/gr 0.497522 
 b/gr 0.625126 
 r_oc_ave 100.835556 
 b_oc_ave 126.697784 
 gr_oc_ave 202.675552 
 gb_oc_ave 202.804443 