93
472
800
332
192
472
492
212
199
308
384
452
125
252
776
456
104
528
780
296
213
528
480
184
215
340
356
396
141
276
728
396
119
576
728
260
252
576
452
156
252
368
316
340
163
296
652
340
139
608
656
224
291
612
412
129
291
388
280
276
191
304
580
281
153
624
580
181
327
628
368
117
327
396
244
255
211
296
512
255
164
616
512
171
348
620
328
144
352
392
208
308
229
280
440
308
175
588
440
208
369
592
284
168
375
372
176
360
245
256
376
360
183
544
376
236
384
544
248
192
389
348
144
404
252
232
312
408
187
492
312
268
392
492
205
212
391
316
145
452
255
204
305
456
181
436
307
296
388
436
208
236
388
284
172
496
251
180
364
500
175
384
360
324
377
384
240
256
377
252
200
536
244
152
420
540
168
328
420
348
355
328
276
272
360
216
232
568
233
120
484
572
152
264
484
364
333
264
312
280
333
173
264
580
219
133
552
584
137
285
552
372
293
285
356
276
297
191
304
572
195
160
624
576
117
344
624
368
255
344
396
264
255
228
340
552
163
184
696
552
99
396
700
356
223
392
436
240
223
260
376
512
141
212
760
516
83
452
764
332
185
452
472
220
185
296
388
468
120
244
780
472
99
516
784
304
213
512
484
192
215
332
376
416
141
276
764
420
120
576
764
272
256
576
472
172
252
368
352
368
168
308
716
368
140
636
720
244
300
636
448
144
300
400
312
316
200
332
644
316
160
684
648
208
344
684
404
117
344
428
276
252
228
344
576
252
180
704
576
165
380
704
364
101
380
440
240
227
248
336
504
227
196
692
504
152
412
692
324
128
416
432
204
280
272
316
436
280
212
652
436
184
444
656
284
152
444
412
172
328
288
284
372
328
220
600
376
216
464
600
244
172
464
380
145
372
300
252
308
372
224
536
307
244
472
536
201
192
476
344
137
408
308
220
299
412
224
472
299
268
468
472
200
208
468
304
164
444
304
192
352
444
212
412
352
292
452
412
232
224
452
268
192
472
292
164
404
476
200
352
404
308
424
352
268
236
424
232
220
496
276
132
468
504
184
288
468
324
392
293
304
240
392
189
252
508
256
141
532
512
164
301
532
332
352
303
344
240
356
204
284
504
232
168
592
508
144
360
596
328
308
356
380
228
308
236
320
484
200
196
656
488
120
412
660
316
260
412
416
212
260
272
352
456
168
228
712
456
99
476
716
296
223
472
448
196
223
308
360
420
147
260
732
420
109
544
736
272
240
544
456
176
240
348
352
380
155
296
720
380
136
616
720
248
288
616
452
152
288
392
328
336
192
336
680
336
160
684
680
220
340
688
428
128
340
428
296
280
224
368
616
284
180
752
616
184
384
752
388
107
380
468
264
232
252
380
552
231
200
768
552
152
428
772
352
91
424
476
228
205
280
372
484
205
224
752
484
136
472
756
312
112
472
468
196
243
304
344
420
248
244
708
420
163
508
708
272
131
512
440
168
291
328
308
360
296
256
636
360
195
536
636
236
156
540
400
136
335
344
272
296
340
264
568
296
223
548
568
199
171
552
360
129
365
352
236
277
369
260
500
277
241
540
500
187
181
544
320
156
391
348
200
336
396
248
432
336
260
520
432
224
192
520
280
180
419
332
172
384
423
228
368
384
276
484
368
252
204
484
240
208
437
312
140
440
440
204
304
440
287
440
304
288
208
444
203
236
444
288
145
496
448
184
311
496
289
396
311
320
203
396
208
264
440
260
172
552
444
164
364
552
285
348
364
356
196
352
240
288
425
228
200
600
429
136
420
604
279
292
420
384
185
296
276
312
403
192
232
636
408
109
488
644
264
244
484
404
169
243
316
320
372
160
268
656
377
121
556
660
245
261
556
416
155
261
356
312
337
175
304
648
343
148
632
648
221
320
628
408
131
320
400
296
293
212
348
616
293
172
708
616
193
368
708
392
112
368
440
272
248
244
384
568
252
196
772
568
163
420
776
364
96
416
480
244
216
276
396
516
215
224
796
516
141
R 最小为:83 R 最大为:552
Gr最小为:120 Gr最大为:796
Gb最小为:129 Gb最大为:800
B 最小为:91 B 最大为:584
LSCDistanceSpec为：101

93
472
800
332
192
472
492
212
197
308
384
452
125
252
776
456
104
528
776
296
213
528
480
184
213
340
356
396
141
276
728
396
119
576
728
260
251
576
452
156
252
368
316
340
163
296
652
340
139
608
656
224
291
612
408
129
291
388
276
276
191
304
580
281
153
624
580
181
327
628
368
117
327
396
244
255
216
296
512
253
164
616
512
172
348
620
328
144
352
392
208
308
229
280
440
312
175
588
440
204
369
592
284
168
375
372
176
360
240
256
376
360
183
544
376
240
384
544
244
192
389
348
144
404
252
232
312
408
187
492
312
268
392
492
207
212
391
316
145
452
255
204
305
456
181
436
307
296
388
436
208
236
393
284
172
496
251
180
364
500
175
384
360
324
377
384
240
256
377
252
200
536
244
152
420
540
168
328
416
348
355
328
276
272
360
216
232
568
233
120
484
572
152
264
484
364
333
264
312
280
333
173
264
580
213
133
552
584
137
285
552
372
299
285
356
276
297
191
304
572
195
160
624
576
117
344
624
368
255
344
396
260
255
228
340
552
163
184
696
552
99
396
700
356
223
392
436
240
223
260
376
512
141
212
760
516
83
452
764
332
185
452
472
220
185
296
384
468
120
244
780
472
99
512
784
304
213
512
484
192
213
332
376
416
141
276
764
420
120
576
764
272
256
576
472
172
256
368
352
368
168
308
716
368
140
636
720
244
304
636
448
144
300
400
312
312
200
332
644
316
160
684
644
208
344
684
404
117
344
428
276
253
228
344
576
252
180
700
576
165
380
704
364
101
380
440
240
227
248
336
504
227
196
692
504
152
412
692
324
128
416
432
204
280
272
316
436
280
212
652
436
184
444
656
284
152
444
412
172
328
288
284
372
328
220
596
372
216
464
600
244
172
464
380
145
372
300
252
308
372
224
536
308
244
472
536
201
192
476
344
137
408
308
220
299
412
224
472
299
268
468
472
200
208
468
304
164
444
304
192
352
444
212
412
352
292
452
412
232
224
452
268
192
472
292
164
404
476
200
352
404
308
424
352
268
236
424
232
220
496
276
132
468
504
184
288
464
324
392
293
304
240
392
189
252
508
256
141
532
512
164
303
532
332
352
303
340
240
356
204
284
504
232
168
592
508
144
356
596
328
308
356
380
228
308
236
320
484
200
196
656
488
120
412
660
316
260
412
416
212
260
272
352
456
168
228
712
456
99
476
716
296
223
472
448
196
223
308
360
420
147
260
732
420
109
544
736
272
240
544
456
176
235
348
352
380
155
296
720
380
136
616
720
248
288
616
448
152
288
388
328
336
192
336
680
336
160
684
680
220
340
684
424
128
340
428
296
280
224
368
616
284
180
748
616
184
384
752
388
107
380
468
264
232
252
380
552
231
200
768
552
152
428
772
352
91
424
476
228
205
280
368
484
205
224
752
484
136
472
756
312
112
472
468
196
243
304
344
420
248
244
708
420
163
508
708
272
131
512
440
168
291
328
308
360
296
256
636
360
189
536
636
236
156
540
400
136
335
344
272
296
340
264
568
296
223
548
568
199
171
552
360
129
365
352
236
277
369
260
500
277
241
540
500
187
181
544
320
156
391
348
200
336
396
248
432
336
260
520
432
224
192
520
280
180
419
332
172
384
423
228
368
384
276
484
368
252
204
484
240
208
437
312
140
440
440
208
304
440
287
440
304
288
208
444
203
236
444
288
145
496
448
184
311
496
289
396
311
320
203
396
208
264
440
260
172
552
444
164
364
552
285
348
364
356
196
352
240
288
425
228
200
600
429
136
420
604
279
292
420
384
185
296
276
312
403
192
232
636
408
109
488
644
264
244
484
404
169
243
316
320
372
160
268
656
377
121
556
660
245
261
556
416
155
261
356
312
337
175
304
648
343
148
628
648
221
320
628
408
131
320
400
296
293
212
348
616
293
172
708
616
193
368
708
392
112
368
440
272
248
244
384
568
252
196
772
568
163
420
772
364
96
416
480
244
216
276
396
516
215
224
796
516
141
R 最小为:83 R 最大为:552
Gr最小为:120 Gr最大为:796
Gb最小为:129 Gb最大为:800
B 最小为:91 B 最大为:584
LSCDistanceSpec为：6

89
472
796
324
188
476
492
204
193
308
384
440
121
252
776
440
100
528
776
284
215
532
480
176
215
340
356
384
137
280
720
384
113
576
724
252
248
580
448
152
247
368
312
332
164
296
644
328
133
608
644
216
291
616
404
125
291
388
272
268
192
304
568
269
153
624
568
179
327
628
360
108
325
396
236
241
216
296
500
241
169
612
496
163
352
616
316
140
357
388
200
300
229
280
428
300
175
580
428
200
375
588
276
164
379
368
168
356
245
256
364
356
181
536
364
236
389
540
236
188
393
340
141
404
252
228
305
404
185
480
305
264
392
484
199
212
396
308
137
452
256
200
292
452
187
424
292
296
389
428
195
236
392
276
164
496
252
176
356
500
180
376
356
324
379
376
232
256
383
244
196
536
244
148
416
540
169
324
416
348
356
324
272
272
360
212
228
564
235
121
484
568
153
265
480
364
335
265
312
280
335
169
268
576
215
129
556
580
137
272
552
372
299
277
356
272
299
181
304
568
191
156
628
568
119
336
624
364
256
336
396
260
255
224
344
540
163
184
700
544
100
392
700
348
224
392
440
236
223
256
380
504
141
212
760
504
89
452
764
324
197
452
472
216
196
296
388
456
125
244
780
460
95
516
784
296
215
516
484
188
215
332
380
408
137
280
764
408
116
580
768
264
252
584
476
164
252
372
348
360
164
312
712
356
140
640
712
232
296
644
444
140
300
404
308
304
196
336
636
304
160
684
636
200
344
688
400
113
344
428
268
245
224
344
564
245
180
700
560
157
380
704
356
103
384
440
232
225
248
336
492
225
196
688
492
149
416
692
316
124
416
428
196
268
272
312
424
268
212
644
424
176
444
648
272
148
448
404
168
320
288
280
360
320
224
588
360
212
464
588
236
168
468
372
136
368
300
248
301
368
228
524
301
240
472
524
199
188
476
336
133
404
304
216
285
408
224
460
285
264
464
460
191
208
472
296
160
440
300
188
344
444
212
400
344
288
448
400
228
224
452
260
188
472
292
160
404
476
196
348
404
308
420
348
264
236
424
224
220
492
272
133
464
496
180
284
464
320
388
284
304
240
388
187
252
500
252
132
532
504
164
288
528
328
352
288
344
236
352
195
288
496
228
164
596
496
140
352
596
324
304
352
380
224
308
232
324
476
200
192
660
476
116
408
660
308
256
408
416
208
260
268
352
444
168
224
712
444
100
476
716
288
224
472
448
188
223
308
364
408
141
260
728
412
105
548
732
264
231
544
456
168
231
352
352
368
152
300
716
368
132
620
720
240
284
620
448
148
284
392
328
324
184
340
668
324
156
688
672
212
336
692
420
124
336
432
292
272
220
372
608
272
180
748
608
176
380
752
384
103
384
468
256
224
248
380
540
224
200
764
540
144
428
768
344
92
428
476
220
204
280
372
472
204
224
752
472
139
472
752
304
108
476
464
188
236
304
344
408
241
244
696
408
155
508
700
264
127
512
436
160
283
328
304
352
283
260
624
352
185
536
624
228
152
540
392
133
325
344
268
288
331
264
556
288
213
544
556
191
167
552
352
120
361
348
232
264
365
260
488
264
237
536
488
179
176
544
312
152
387
344
196
328
391
244
420
328
256
516
416
216
192
520
268
176
413
332
168
380
417
224
360
380
271
480
360
252
199
480
236
204
428
308
136
440
432
204
301
436
283
436
301
284
203
436
199
236
431
280
136
496
440
180
297
496
285
388
297
320
199
392
199
264
427
252
168
552
432
160
356
552
281
344
356
356
192
344
236
292
417
224
196
600
417
136
420
604
271
292
416
384
176
292
272
312
391
188
232
636
396
109
488
640
256
239
484
404
167
239
316
320
365
156
268
652
364
117
560
656
237
253
556
412
147
253
360
312
331
165
308
640
331
144
636
644
213
312
632
408
127
312
400
292
281
208
352
608
281
172
712
608
185
364
712
384
108
368
444
268
240
240
384
560
240
196
768
560
155
416
772
356
92
420
480
240
203
272
396
504
203
224
796
504
133
R 最小为:89 R 最大为:552
Gr最小为:121 Gr最大为:796
Gb最小为:120 Gb最大为:796
B 最小为:92 B 最大为:580
LSCDistanceSpec为：16

93
472
796
332
192
472
492
212
197
308
380
452
125
252
772
452
104
528
776
296
219
528
480
184
219
340
356
392
141
276
724
396
119
572
728
260
251
576
452
156
251
368
316
340
163
296
652
340
139
608
652
224
296
612
408
129
296
388
276
276
191
304
580
276
153
624
580
181
327
628
368
117
327
396
240
255
215
296
508
255
169
616
508
172
352
620
324
144
352
392
208
308
229
280
440
308
175
588
440
204
375
592
284
168
375
376
176
360
245
256
376
360
181
544
376
236
389
544
244
188
388
348
144
404
251
232
307
408
185
492
312
268
392
492
207
212
396
316
147
452
255
204
307
452
181
436
307
296
388
436
208
236
392
284
168
496
256
180
360
496
180
384
360
324
377
384
240
256
383
252
200
532
249
152
420
540
168
328
416
348
360
328
272
272
359
216
232
564
233
120
484
572
157
264
480
364
333
264
312
280
333
173
264
580
219
133
552
584
137
285
552
372
297
285
356
276
297
191
300
572
195
160
624
576
117
344
624
368
255
344
396
260
255
228
340
548
168
184
696
552
99
396
700
356
223
392
436
240
223
260
376
512
147
212
760
516
83
452
760
332
185
452
472
220
191
296
384
468
120
244
776
468
99
512
780
304
213
512
484
192
213
332
376
416
141
276
760
416
120
576
764
272
256
576
472
168
256
368
348
368
168
308
716
368
140
636
716
244
304
636
448
144
304
400
312
312
200
332
644
312
160
680
644
208
344
684
404
117
344
428
272
253
228
344
572
253
180
700
572
165
380
704
364
101
380
440
240
227
252
336
504
227
196
688
504
152
416
692
324
128
416
432
204
280
272
316
436
280
212
652
436
184
444
656
284
152
444
412
172
328
288
284
372
328
224
600
372
216
464
600
244
172
468
380
140
372
304
252
308
372
228
536
308
244
472
536
201
192
476
344
137
408
308
220
293
412
224
472
299
268
468
472
200
208
472
304
164
444
304
192
352
444
212
412
352
292
452
412
232
224
452
268
192
472
292
164
404
476
200
352
404
308
424
352
268
236
428
232
220
496
276
132
464
504
184
288
464
324
392
288
304
240
392
189
252
508
256
141
528
512
164
303
528
332
356
303
340
240
356
204
284
504
232
168
592
504
144
356
592
328
308
356
380
228
308
236
320
484
200
196
656
488
120
412
660
316
260
412
416
212
260
272
348
456
168
224
712
456
99
476
716
296
223
472
448
196
223
308
360
420
147
260
728
420
109
544
732
272
239
540
456
176
240
348
352
380
155
296
716
380
136
612
720
248
292
612
448
152
288
392
328
332
192
332
676
336
160
684
680
220
340
684
424
128
340
428
292
280
224
368
612
280
180
748
616
184
384
752
388
107
384
464
260
232
252
380
552
232
200
768
552
152
428
768
352
91
428
476
228
205
280
368
480
205
224
752
484
136
472
752
312
112
472
468
196
243
304
344
420
248
244
704
420
163
508
708
272
131
512
440
168
291
328
304
360
291
256
636
360
195
536
636
236
156
540
400
136
335
344
268
296
340
264
568
296
223
548
568
193
171
552
360
129
365
352
236
279
369
260
500
277
241
540
500
187
181
544
320
156
391
348
200
332
396
248
428
336
260
520
432
224
192
520
280
180
419
336
172
384
423
228
368
384
276
484
368
252
204
488
240
208
432
312
140
436
440
208
304
436
287
444
304
288
208
444
203
236
439
288
145
492
448
184
311
496
289
396
305
320
203
396
208
264
440
260
172
548
440
164
364
552
285
352
364
356
196
352
240
288
425
228
200
596
424
136
420
600
279
296
420
384
185
296
276
308
403
192
232
636
403
109
488
640
264
243
484
404
169
243
316
320
372
160
268
652
377
121
556
656
245
261
556
416
155
261
356
312
337
175
304
644
343
148
628
648
221
320
628
408
131
320
400
296
295
212
348
612
293
172
704
616
193
368
708
392
112
368
440
268
248
244
380
568
248
196
768
568
163
420
772
364
96
416
476
244
216
276
392
516
216
224
792
516
141
R 最小为:83 R 最大为:552
Gr最小为:120 Gr最大为:792
Gb最小为:129 Gb最大为:796
B 最小为:91 B 最大为:584
LSCDistanceSpec为：6

93
484
792
312
196
484
492
196
201
316
380
420
124
260
772
424
104
544
772
276
223
544
480
172
223
352
352
368
145
288
716
368
117
596
716
244
260
600
448
144
260
384
308
312
172
308
636
316
143
636
636
208
303
636
404
117
304
408
272
253
200
316
560
252
157
648
560
171
339
652
360
105
343
416
232
239
223
308
488
239
172
636
488
160
368
640
316
132
368
408
196
292
241
288
416
292
183
600
416
192
389
604
272
156
393
388
168
344
256
260
356
344
195
548
356
228
404
548
236
180
408
356
136
388
268
232
292
392
193
488
292
256
412
488
193
200
416
320
132
432
271
200
297
436
195
428
297
284
404
428
195
220
408
284
164
472
267
176
356
476
183
376
356
308
389
376
232
240
393
248
192
508
261
152
412
516
172
324
412
332
368
324
268
256
368
212
224
536
241
120
476
540
157
260
476
348
337
265
308
260
343
175
260
544
223
129
548
552
143
285
544
352
304
285
352
256
303
191
296
540
199
156
616
544
123
344
616
348
259
344
392
244
259
228
332
516
172
184
688
520
99
396
688
336
223
396
432
224
223
260
364
480
145
212
748
480
88
460
748
312
191
456
464
204
191
300
376
436
124
248
764
436
99
524
764
284
217
524
476
180
217
340
368
388
145
284
748
388
120
592
748
256
260
592
468
156
260
380
340
340
172
316
692
340
144
656
696
224
308
660
436
132
308
416
300
284
204
348
620
288
164
712
620
188
356
712
396
105
352
448
264
231
232
356
548
229
184
728
548
156
392
728
352
100
396
460
228
217
260
348
476
223
204
708
476
145
432
712
308
116
432
448
192
260
284
320
408
260
220
660
408
172
464
664
268
140
468
420
164
308
304
288
348
308
232
596
352
204
484
596
232
160
488
384
132
352
316
252
289
356
236
528
288
232
492
528
189
180
496
344
129
388
324
220
281
392
232
460
287
256
484
460
187
192
488
300
156
420
320
188
340
424
220
396
340
276
464
396
224
208
468
260
184
448
304
160
396
452
204
340
396
292
432
344
260
220
432
228
212
468
284
133
456
472
184
281
456
308
396
285
296
224
396
191
244
476
260
137
516
480
164
297
516
312
352
297
332
220
356
199
276
468
236
164
580
472
144
356
580
308
312
356
372
212
312
236
304
452
204
192
636
452
120
412
640
296
260
412
404
196
260
268
332
420
172
224
684
424
99
480
684
276
217
476
428
180
217
312
344
388
145
260
700
392
109
552
704
256
239
548
440
160
239
356
336
348
160
300
688
352
136
624
688
232
292
624
432
140
292
396
312
304
192
340
644
304
160
700
644
200
344
700
408
116
344
440
280
256
228
372
584
256
180
760
588
168
392
760
372
95
392
476
248
213
256
384
524
213
204
776
524
141
440
780
336
89
440
488
212
201
288
372
452
201
232
760
452
129
488
760
296
100
492
476
184
228
320
344
392
233
252
704
392
151
532
708
256
119
532
444
156
265
344
304
336
265
268
628
336
172
560
628
224
139
564
400
129
309
364
268
272
313
276
556
277
205
568
556
181
159
572
356
117
345
368
232
261
349
268
484
261
229
560
484
175
171
564
312
144
372
364
196
320
376
256
412
320
244
532
412
212
181
536
272
172
389
348
164
372
399
232
352
372
260
492
352
244
188
492
232
196
404
320
137
424
413
208
293
424
265
440
293
276
187
444
195
224
412
292
137
476
416
184
301
480
269
392
301
308
188
392
199
248
409
260
164
528
413
160
360
532
265
344
360
340
180
344
236
272
393
228
196
576
399
136
420
580
259
292
416
368
169
296
272
292
372
196
228
608
376
109
484
612
244
239
484
388
159
237
316
300
345
159
264
620
344
121
556
624
229
265
556
396
139
267
356
292
305
175
304
612
309
148
632
616
200
324
632
392
119
320
400
276
261
212
344
580
267
172
708
584
173
372
712
372
105
372
444
256
229
248
380
536
229
200
768
536
152
428
772
344
89
428
480
228
197
280
392
484
197
228
792
484
125
R 最小为:88 R 最大为:572
Gr最小为:120 Gr最大为:792
Gb最小为:117 Gb最大为:792
B 最小为:89 B 最大为:552
LSCDistanceSpec为：36

93
488
804
316
196
488
500
200
201
320
384
428
124
260
780
432
104
548
780
280
223
548
488
176
223
356
356
372
145
288
724
376
117
600
728
248
259
604
456
148
260
384
312
320
172
308
644
320
143
640
644
212
303
644
408
121
303
408
272
256
200
316
568
261
157
652
568
169
339
656
364
109
339
416
236
243
223
312
496
243
172
640
496
159
368
644
320
136
368
412
200
296
241
292
424
296
183
604
424
196
389
608
276
160
395
388
168
348
256
264
360
352
195
552
360
232
404
552
236
184
408
356
136
396
268
232
296
396
193
492
301
260
412
492
199
204
411
324
137
440
271
204
296
444
189
432
296
288
403
432
199
224
408
284
164
484
267
176
360
488
183
376
360
316
389
376
236
244
393
248
196
520
256
152
416
524
172
324
416
336
368
324
272
260
368
216
228
544
241
120
484
552
157
265
484
352
337
265
312
264
337
179
264
556
223
128
556
560
143
285
556
360
303
285
356
260
303
191
300
548
199
160
628
552
123
344
628
352
259
344
396
248
259
228
340
524
172
184
696
528
99
400
700
340
223
400
436
228
223
264
372
488
145
216
760
488
88
464
760
316
191
460
472
208
191
304
384
444
124
248
776
444
99
532
776
288
217
528
484
184
217
344
372
396
140
284
760
396
120
600
760
260
260
600
472
160
260
384
344
348
172
320
704
348
144
664
708
228
312
664
444
136
308
420
304
292
204
352
628
292
164
720
628
192
356
720
400
109
356
452
268
233
232
360
556
239
184
736
556
155
392
736
356
99
392
464
232
221
260
352
484
221
204
716
484
145
432
720
312
120
432
452
196
264
284
324
416
264
220
668
416
172
464
672
272
144
464
424
168
312
304
288
356
316
232
604
356
204
484
604
236
164
488
388
136
360
316
256
292
360
236
532
292
236
492
532
193
180
496
348
128
396
324
220
284
396
232
464
289
260
488
464
191
196
488
304
160
428
320
188
348
432
220
400
348
280
464
404
228
212
468
264
188
456
304
160
400
460
204
344
400
300
432
344
264
224
432
228
216
476
284
133
464
480
184
285
460
312
396
285
300
228
396
191
248
484
260
137
524
488
164
301
524
316
356
301
336
224
356
199
280
476
236
164
588
480
144
360
592
312
312
360
376
212
312
236
312
460
204
196
648
460
120
416
648
300
260
416
408
200
260
272
336
428
172
228
692
432
99
484
696
280
217
484
436
184
217
312
348
396
145
264
712
396
109
556
716
260
243
556
448
164
239
360
340
356
160
304
696
356
136
632
700
236
296
632
440
144
292
404
316
308
192
344
656
312
160
708
656
204
348
708
412
120
344
444
284
260
228
380
596
260
184
768
596
172
392
768
380
99
392
480
252
217
256
388
532
217
208
788
532
145
440
788
344
88
440
492
216
205
288
376
460
205
232
768
460
135
492
768
300
104
492
480
188
232
320
352
396
237
256
716
400
151
532
716
260
123
536
452
160
269
344
308
340
273
272
636
344
177
560
636
228
143
564
404
128
317
364
272
281
317
276
560
280
209
572
560
185
159
576
360
121
348
368
232
265
353
272
488
265
228
564
488
175
175
564
316
148
380
364
196
324
384
256
416
324
248
532
420
212
185
536
272
176
397
348
168
376
401
232
356
380
263
492
356
248
192
492
236
200
412
320
136
432
416
208
297
432
269
444
297
280
191
444
199
228
420
292
136
484
424
184
305
488
273
392
305
316
192
396
204
256
412
260
168
540
416
160
364
540
269
348
364
348
185
348
236
280
401
228
196
584
401
136
424
588
263
296
420
376
173
296
276
296
380
196
232
620
379
109
492
624
248
237
492
396
157
243
316
304
348
159
268
632
353
121
564
636
233
265
564
404
143
265
360
300
313
175
308
620
313
148
640
624
204
324
640
396
123
324
408
284
271
212
352
588
269
172
720
592
177
376
720
376
104
376
452
260
233
248
384
544
233
200
780
544
151
432
784
348
93
428
488
232
201
284
396
492
201
228
804
492
129
R 最小为:88 R 最大为:576
Gr最小为:120 Gr最大为:804
Gb最小为:121 Gb最大为:804
B 最小为:88 B 最大为:560
LSCDistanceSpec为：36

93
488
804
316
196
488
500
200
201
320
388
428
124
260
780
432
104
548
784
280
223
552
488
176
223
356
356
376
145
288
728
376
117
604
728
248
259
604
456
148
259
384
316
320
172
308
644
320
143
640
644
212
303
644
408
121
303
408
272
256
200
320
568
261
157
656
568
169
337
656
364
109
337
416
236
243
223
312
496
243
172
640
496
159
368
644
320
136
368
412
200
296
241
292
424
296
188
604
424
196
389
608
276
160
393
388
168
352
256
264
360
352
195
552
360
232
403
552
236
184
408
360
136
396
268
232
296
400
193
492
301
260
411
492
199
204
416
324
137
440
271
204
301
444
195
432
301
288
403
432
199
224
408
284
164
484
267
176
360
488
183
376
360
316
389
376
236
244
393
248
196
520
256
152
420
524
172
324
416
336
368
324
272
260
367
216
228
544
241
120
484
552
157
265
484
352
337
265
312
264
343
179
264
556
223
128
556
560
141
284
556
360
303
285
356
260
303
191
300
548
199
160
628
552
123
348
628
356
259
344
396
248
259
228
340
524
172
184
696
528
99
400
700
340
223
400
436
228
223
264
372
488
145
216
760
488
88
464
760
316
191
464
472
208
191
304
384
444
124
252
776
448
99
532
780
288
217
528
484
184
217
344
376
396
145
284
760
396
120
600
760
260
260
600
472
160
260
384
344
348
172
320
708
348
144
664
708
228
312
664
444
136
312
420
304
292
204
352
632
292
164
720
632
192
356
720
400
109
356
452
268
239
232
360
556
239
184
736
556
155
396
736
356
99
396
464
232
221
260
352
484
227
204
720
484
145
432
720
312
120
432
456
196
264
284
328
416
264
220
672
416
172
464
672
272
144
468
424
168
312
304
292
356
316
232
604
356
204
488
604
236
164
488
388
136
360
316
256
292
360
236
536
292
236
496
536
193
184
496
348
128
396
324
220
284
400
232
468
289
260
488
468
191
196
488
304
160
428
320
188
348
432
220
404
348
280
464
404
228
212
468
264
188
456
304
160
400
460
204
344
400
300
432
344
264
224
436
228
216
476
284
133
464
480
184
285
464
312
396
285
300
228
396
191
248
484
260
137
524
488
168
301
524
316
356
301
336
224
356
199
280
476
236
164
588
480
144
360
592
312
312
360
376
216
312
236
312
460
204
196
648
460
120
416
648
300
260
416
408
200
260
272
336
428
172
228
692
432
99
484
696
280
217
484
436
184
217
312
348
396
145
264
712
396
109
560
716
260
243
556
448
164
243
360
340
356
160
304
696
360
136
636
700
236
296
632
440
144
296
404
316
312
192
344
656
312
160
708
656
204
348
708
412
120
348
444
284
260
228
380
596
260
184
772
596
172
392
772
380
99
392
480
252
217
260
388
532
217
208
788
532
145
444
788
344
88
444
492
216
205
288
380
460
205
232
768
460
135
492
768
300
104
492
480
188
232
320
352
396
237
256
716
400
151
532
716
260
123
536
452
160
269
344
308
340
273
272
636
344
177
560
636
224
143
564
404
128
317
364
272
281
317
276
560
280
209
572
560
187
157
576
360
121
348
372
236
265
352
272
488
265
228
564
488
175
175
568
316
148
380
364
196
324
384
256
420
324
248
536
420
212
185
536
272
176
397
348
168
376
407
232
356
380
263
492
360
248
192
496
236
200
412
324
136
432
421
208
297
432
269
444
296
280
191
444
199
228
420
292
136
488
424
184
305
488
273
396
305
316
192
396
204
256
417
260
168
540
416
164
364
544
275
348
364
348
184
348
236
280
401
228
196
584
401
136
424
588
263
296
424
376
173
296
276
300
380
196
232
620
384
109
492
624
248
237
492
396
157
243
316
304
348
159
268
632
353
121
568
636
233
265
564
404
143
265
360
300
313
175
308
620
312
148
644
624
204
324
640
396
123
324
408
284
269
212
352
592
269
172
720
592
177
376
720
376
104
376
452
260
233
248
384
544
233
200
784
544
151
432
784
348
93
428
488
232
201
284
400
492
207
228
804
492
129
R 最小为:88 R 最大为:576
Gr最小为:120 Gr最大为:804
Gb最小为:121 Gb最大为:804
B 最小为:88 B 最大为:560
LSCDistanceSpec为：36

93
488
804
316
196
488
500
200
201
320
388
428
124
260
780
432
104
548
784
280
223
552
488
176
223
356
356
376
145
288
728
376
117
604
728
248
259
604
456
148
259
388
316
320
172
308
644
320
143
640
644
212
303
644
408
121
303
408
272
256
200
316
568
261
157
652
568
169
337
656
364
109
337
416
236
243
223
312
496
243
172
640
496
159
368
644
320
136
368
412
200
296
241
292
424
296
183
604
424
196
389
608
276
160
393
388
168
348
256
264
360
352
195
552
360
232
404
552
240
184
408
360
136
396
267
232
296
400
193
492
301
260
412
492
197
204
416
324
137
440
271
204
301
444
189
432
301
288
403
432
199
224
408
284
164
484
267
176
360
488
183
376
360
316
389
376
236
244
393
248
196
520
256
152
416
524
172
324
416
336
368
324
272
260
367
216
228
544
241
120
484
552
157
265
484
352
337
265
312
264
337
179
264
556
223
128
556
560
141
289
556
360
303
285
356
260
303
191
300
548
199
160
628
552
123
348
628
356
259
344
396
248
259
228
340
524
172
184
696
528
99
400
700
340
223
400
436
228
223
264
372
488
145
216
760
488
88
464
760
316
191
460
472
208
191
304
384
444
124
252
776
448
99
532
776
288
217
528
484
184
217
344
372
396
145
284
760
396
120
600
760
260
260
600
472
160
260
384
344
348
172
320
708
348
144
664
708
228
312
664
444
136
312
420
304
292
204
352
628
292
164
720
628
192
356
720
400
109
356
452
268
233
232
360
556
239
184
736
556
155
396
736
356
99
396
464
232
221
260
352
484
221
204
716
484
145
432
720
312
120
432
456
196
264
284
324
416
264
220
668
416
172
464
672
272
144
468
424
168
312
304
292
356
316
232
604
356
204
484
604
236
164
488
388
136
360
320
256
292
360
236
536
292
236
492
536
193
184
496
348
128
396
324
220
284
400
232
464
289
260
488
464
191
196
488
304
160
428
320
188
348
432
220
404
348
280
464
404
228
212
468
264
188
456
304
160
400
460
204
344
400
300
432
344
264
224
436
228
216
476
284
133
464
480
184
285
464
312
396
285
300
228
396
191
248
484
260
137
524
488
168
301
524
316
356
301
336
224
356
199
280
476
236
164
588
480
144
360
592
312
312
360
376
216
312
236
312
460
204
196
648
460
120
416
648
300
260
416
408
200
260
272
336
428
172
228
692
432
99
484
696
280
217
484
436
184
217
312
348
396
145
264
712
396
109
560
716
260
243
556
448
164
243
360
340
356
160
304
696
356
136
632
700
236
296
632
440
144
296
404
316
308
192
344
656
312
160
708
656
204
348
708
412
120
348
444
284
260
228
380
596
260
184
768
596
172
392
772
380
99
392
480
252
217
260
388
532
217
208
788
532
145
444
788
344
88
444
492
216
205
288
376
460
205
232
768
460
135
492
768
300
104
492
480
188
232
320
352
396
237
256
716
400
151
532
716
260
123
536
452
160
269
344
308
340
273
272
636
344
177
560
636
228
143
564
404
128
317
364
272
281
317
276
560
280
209
572
560
185
157
576
360
121
348
372
236
265
352
272
488
265
228
564
488
175
175
564
316
148
380
364
196
324
384
256
420
324
248
536
420
212
185
536
272
176
397
348
168
376
401
232
356
380
263
492
356
248
192
496
236
200
412
324
136
432
416
208
297
432
269
444
297
280
191
444
199
228
420
292
136
488
424
184
305
488
273
396
305
316
192
396
203
256
412
260
168
540
416
164
364
544
269
348
364
348
184
348
240
280
401
232
196
584
401
136
424
588
263
296
424
376
173
296
276
300
380
196
232
620
379
109
492
624
248
237
492
396
157
243
316
304
348
159
268
632
353
121
568
636
233
265
564
404
143
265
364
300
313
173
308
620
313
148
640
624
204
324
640
396
123
324
408
284
271
216
352
592
269
172
720
592
177
376
720
376
104
376
452
260
233
248
384
544
233
200
780
544
151
432
784
348
93
428
488
232
201
284
396
492
201
228
804
492
129
R 最小为:88 R 最大为:576
Gr最小为:120 Gr最大为:804
Gb最小为:121 Gb最大为:804
B 最小为:88 B 最大为:560
LSCDistanceSpec为：36

93
488
804
316
196
488
500
200
201
320
388
432
124
260
780
432
104
548
784
280
223
552
488
176
223
356
356
376
145
288
728
376
117
604
728
248
259
604
456
148
259
384
316
320
172
308
644
320
143
640
644
212
303
644
408
121
303
408
272
256
200
316
568
261
157
652
568
169
337
656
364
109
337
416
236
243
223
312
496
243
172
640
496
159
368
644
320
136
368
412
200
296
241
292
424
296
183
604
424
196
389
608
276
160
393
388
168
348
256
264
360
352
195
552
360
232
404
552
236
184
408
356
136
396
268
232
296
400
193
492
301
260
412
492
199
204
416
324
137
440
271
204
301
444
189
432
301
288
403
432
199
224
408
284
164
484
267
176
360
488
183
376
360
316
389
376
236
244
393
248
196
520
256
152
416
524
172
324
416
336
368
324
272
260
367
216
228
544
241
120
484
552
157
265
484
352
337
265
312
264
337
179
264
556
223
128
556
560
141
284
556
360
303
285
356
260
303
191
300
548
199
160
628
552
123
348
628
352
259
344
396
248
259
228
340
524
172
184
696
528
99
400
700
340
223
400
436
228
223
264
372
488
145
216
760
488
88
464
760
316
191
460
472
208
191
304
384
444
124
252
776
448
99
532
780
288
217
528
484
184
217
344
372
396
145
284
760
396
120
600
760
260
260
600
472
160
260
384
344
348
172
320
708
348
144
664
708
228
312
664
444
136
312
420
304
292
204
352
628
292
164
720
628
192
356
720
400
109
356
452
268
239
232
360
556
239
184
736
556
155
396
736
356
99
396
464
232
221
260
352
484
227
204
716
484
145
432
720
312
120
432
452
196
264
284
324
416
264
220
668
416
172
464
672
272
144
468
424
168
312
304
292
356
316
232
604
356
204
484
604
236
164
488
388
136
360
316
256
292
360
236
536
292
236
492
536
193
184
496
348
128
396
324
220
284
400
232
464
289
260
488
464
191
196
488
304
160
428
320
188
348
432
220
404
348
280
464
404
228
212
468
264
188
456
304
160
400
460
204
344
400
300
432
344
264
224
436
228
216
476
284
133
464
480
184
285
464
312
396
285
300
228
396
191
248
484
260
137
524
488
168
301
524
316
356
301
336
224
356
199
280
476
236
164
588
480
144
360
592
312
312
360
376
216
312
236
312
460
204
196
648
460
120
416
648
300
260
416
408
200
260
272
340
428
172
228
692
432
99
484
696
280
217
484
436
184
217
312
348
396
145
264
712
396
109
560
716
260
243
556
448
164
243
360
340
356
160
304
696
356
136
632
700
236
296
632
440
144
296
404
316
312
192
344
656
312
160
708
656
204
348
708
412
120
344
444
284
260
228
380
596
260
184
768
596
172
392
772
380
99
392
480
252
217
256
388
532
217
208
788
532
145
444
788
344
88
444
492
216
205
288
380
460
205
232
768
460
135
492
768
300
104
492
480
188
232
320
352
396
237
256
716
400
151
532
716
260
123
536
452
160
269
344
308
340
273
272
636
344
177
560
636
224
143
564
404
128
317
364
272
281
317
276
560
280
209
572
560
187
157
576
360
121
348
368
236
265
352
272
488
265
228
564
488
175
175
564
316
148
380
364
196
324
384
256
420
324
248
536
420
212
185
536
272
176
397
348
168
376
401
232
356
380
263
492
356
248
192
492
236
200
412
320
136
432
416
208
297
432
269
444
297
280
191
444
199
228
420
292
136
488
424
184
305
488
273
392
305
316
192
396
204
256
417
260
168
540
416
164
364
544
269
348
364
348
184
348
236
280
401
228
196
584
401
136
424
588
263
296
424
376
173
296
276
300
380
196
232
620
379
109
492
624
248
237
492
396
157
243
316
304
348
159
268
632
353
121
568
636
233
265
564
404
143
265
360
300
313
175
308
620
313
148
640
624
204
324
640
396
123
324
408
284
269
212
352
592
269
172
720
592
177
376
720
376
104
376
452
260
233
248
384
544
233
200
784
544
151
432
784
348
93
428
488
232
201
284
400
492
207
228
804
492
129
R 最小为:88 R 最大为:576
Gr最小为:120 Gr最大为:804
Gb最小为:121 Gb最大为:804
B 最小为:88 B 最大为:560
LSCDistanceSpec为：36

93
488
804
316
196
488
500
200
201
320
388
428
124
260
780
432
104
548
780
280
223
552
488
176
223
356
356
376
145
288
724
376
117
604
728
248
259
604
456
148
259
388
316
320
172
308
644
320
143
640
644
212
303
644
408
121
303
408
272
256
200
320
568
261
157
652
568
169
337
656
364
109
337
416
236
243
223
312
496
243
172
640
496
159
368
644
320
136
368
412
200
296
241
292
424
296
183
604
424
196
389
608
276
160
393
388
168
348
256
264
360
352
195
552
360
232
404
552
236
184
408
360
136
396
268
232
296
400
193
492
301
260
412
492
199
204
416
324
137
440
271
204
296
444
189
432
296
288
403
432
199
224
408
284
164
484
267
176
360
488
183
376
360
316
389
376
236
244
393
248
196
520
256
152
416
524
172
324
416
336
368
324
272
260
367
216
228
544
241
120
484
552
157
265
484
352
337
265
312
264
343
179
264
556
223
128
556
560
141
284
556
360
303
285
356
260
303
191
300
548
199
160
628
552
123
348
628
356
259
344
396
248
259
228
340
524
172
184
696
528
99
400
700
340
223
400
436
228
223
264
372
488
145
216
760
488
88
464
760
316
191
460
472
208
191
304
384
444
124
252
776
448
99
532
776
288
217
528
484
184
217
344
372
396
145
284
760
396
120
600
760
260
260
600
472
160
260
384
344
348
172
320
704
348
144
664
708
228
312
664
444
136
312
420
304
292
204
352
628
292
164
720
628
192
356
720
400
109
356
452
268
239
232
360
556
239
184
736
556
155
396
736
356
99
396
464
232
221
260
352
484
221
204
716
484
145
432
720
312
120
432
452
196
264
284
324
416
264
220
672
416
172
464
672
272
144
468
424
168
312
304
292
356
316
232
604
356
204
484
604
236
164
488
388
136
360
316
256
292
360
236
536
292
236
492
536
193
184
496
348
128
396
324
220
284
400
232
464
289
260
488
464
191
196
488
304
160
428
320
188
348
432
220
404
348
280
464
404
228
212
468
264
188
456
304
160
400
460
204
344
400
300
432
344
264
224
436
228
216
476
284
133
464
480
184
285
464
312
396
285
300
228
396
191
248
484
260
137
524
488
168
301
524
316
356
301
336
224
356
199
280
476
236
164
588
480
144
360
588
312
312
360
376
216
312
236
312
460
204
196
648
460
120
416
648
300
260
416
408
200
260
272
336
428
172
228
692
432
99
484
696
280
217
484
436
184
217
312
348
396
145
264
712
396
109
556
716
260
243
556
448
164
243
360
340
356
160
304
696
356
136
632
700
236
296
632
440
144
296
404
316
308
192
344
656
312
160
704
656
204
348
708
412
120
344
444
284
260
228
380
596
260
184
768
596
172
392
772
380
99
392
480
252
217
260
388
532
217
208
788
532
145
444
788
344
88
444
492
216
205
288
376
460
205
232
768
460
135
492
768
300
104
492
480
188
232
320
352
396
237
256
716
400
151
532
716
260
123
536
452
160
269
344
308
340
273
272
636
344
177
560
636
224
143
564
404
128
317
364
272
281
317
276
560
280
209
572
560
187
157
576
360
121
348
372
232
265
352
272
488
265
228
564
488
175
175
564
316
148
380
364
196
324
384
256
420
324
248
536
420
212
185
536
272
176
397
348
168
376
401
232
356
380
263
492
356
248
192
496
236
200
412
324
136
432
416
208
297
432
269
444
297
280
191
444
199
228
420
292
136
488
424
184
305
488
273
392
305
316
192
396
204
256
417
260
168
540
416
164
364
544
269
348
364
348
184
348
236
280
401
228
196
584
401
136
424
588
263
296
420
376
173
296
276
300
380
196
232
620
379
109
492
624
248
237
492
396
157
243
316
304
348
159
268
632
353
121
568
636
233
265
564
404
143
265
360
300
313
175
308
620
319
148
640
624
204
324
640
396
123
324
408
284
271
212
352
592
269
172
720
592
177
376
720
376
104
376
452
260
233
248
384
544
233
200
780
544
151
432
784
348
93
428
488
232
201
284
396
492
207
228
804
492
129
R 最小为:88 R 最大为:576
Gr最小为:120 Gr最大为:804
Gb最小为:121 Gb最大为:804
B 最小为:88 B 最大为:560
LSCDistanceSpec为：36

