50
44
30
31
0F
5C
E5
00
E4
01
00
00
04
00
14
00
DE
03
29
04
65
04
A4
04
E6
04
27
05
66
05
A3
05
CF
05
E6
05
F0
05
DC
05
A7
05
59
05
01
05
B9
04
82
04
66
04
65
04
7E
04
C0
03
F4
03
3A
04
87
04
E2
04
4A
05
AB
05
FB
05
30
06
5D
06
86
06
89
06
54
06
F4
05
86
05
28
05
E2
04
A6
04
74
04
5B
04
AF
03
DD
03
23
04
77
04
D3
04
37
05
93
05
EA
05
2A
06
5A
06
86
06
94
06
62
06
07
06
A2
05
46
05
FC
04
BB
04
87
04
72
04
B2
03
F6
03
36
04
82
04
CD
04
17
05
56
05
99
05
D3
05
FF
05
13
06
13
06
ED
05
AA
05
56
05
0E
05
D0
04
AA
04
A1
04
B5
04
EA
00
08
01
22
01
3E
01
5A
01
76
01
8F
01
A4
01
B1
01
B7
01
B4
01
A7
01
91
01
73
01
52
01
33
01
16
01
FA
00
E2
00
D2
00
FC
00
19
01
3E
01
6B
01
9F
01
D5
01
07
02
32
02
4B
02
55
02
4F
02
36
02
0D
02
DB
01
A6
01
73
01
49
01
26
01
07
01
EA
00
F1
00
0D
01
33
01
63
01
99
01
D2
01
08
02
35
02
53
02
5E
02
5A
02
41
02
18
02
E6
01
B2
01
7F
01
52
01
2C
01
0C
01
EF
00
D0
00
EB
00
07
01
28
01
4B
01
6D
01
8B
01
A5
01
B9
01
C5
01
C6
01
BB
01
A5
01
87
01
66
01
46
01
28
01
0B
01
F1
00
DE
00
F2
00
FE
00
09
01
12
01
1B
01
22
01
27
01
29
01
2A
01
29
01
25
01
20
01
1B
01
15
01
0E
01
04
01
F6
00
E3
00
CE
00
BB
00
0D
01
1C
01
2D
01
41
01
54
01
63
01
6F
01
78
01
7C
01
77
01
6A
01
5A
01
4C
01
3F
01
31
01
20
01
0E
01
FD
00
EC
00
D7
00
06
01
16
01
29
01
3E
01
53
01
66
01
75
01
7E
01
82
01
7E
01
71
01
5F
01
50
01
43
01
34
01
22
01
0F
01
FE
00
ED
00
D8
00
E2
00
EE
00
FA
00
07
01
13
01
1E
01
28
01
2D
01
2E
01
2E
01
2A
01
23
01
1C
01
14
01
0D
01
02
01
F6
00
E6
00
D0
00
BD
00
