50
44
30
31
0F
5C
E5
00
E4
01
00
00
04
00
14
00
E9
03
35
04
72
04
B6
04
F9
04
3B
05
80
05
BE
05
E9
05
FF
05
0B
06
F4
05
BC
05
6A
05
0F
05
C6
04
8D
04
6D
04
6E
04
86
04
C9
03
00
04
44
04
98
04
F4
04
60
05
C2
05
14
06
4C
06
77
06
9F
06
9F
06
69
06
08
06
97
05
36
05
EB
04
AC
04
79
04
62
04
B6
03
E9
03
31
04
85
04
E5
04
4A
05
AC
05
00
06
42
06
70
06
9E
06
A7
06
76
06
18
06
AF
05
52
05
06
05
C5
04
8D
04
77
04
B9
03
00
04
45
04
91
04
DB
04
2B
05
6B
05
AE
05
E9
05
12
06
2B
06
27
06
01
06
B8
05
65
05
1A
05
DA
04
B3
04
AB
04
BD
04
E8
00
06
01
23
01
41
01
5F
01
7D
01
9A
01
B1
01
C2
01
CA
01
C9
01
BD
01
A6
01
88
01
66
01
46
01
27
01
0A
01
F0
00
DF
00
FC
00
1A
01
40
01
71
01
A8
01
E3
01
1A
02
48
02
65
02
72
02
6E
02
55
02
2C
02
F8
01
C1
01
8D
01
5F
01
39
01
19
01
FA
00
F3
00
11
01
3A
01
6C
01
A6
01
E3
01
1E
02
4F
02
71
02
7F
02
7C
02
64
02
3A
02
07
02
D0
01
99
01
6A
01
42
01
1F
01
00
01
D4
00
F1
00
0F
01
32
01
57
01
7D
01
9E
01
BB
01
D1
01
DF
01
E2
01
D7
01
C1
01
A2
01
80
01
5E
01
3D
01
1F
01
02
01
EE
00
ED
00
FA
00
06
01
11
01
1B
01
24
01
2A
01
2D
01
30
01
31
01
2E
01
2A
01
26
01
21
01
1B
01
11
01
03
01
F0
00
D9
00
C5
00
0A
01
1A
01
2D
01
42
01
57
01
67
01
76
01
80
01
85
01
83
01
78
01
69
01
5B
01
4E
01
41
01
30
01
1D
01
0C
01
FB
00
E4
00
06
01
18
01
2C
01
43
01
59
01
6E
01
7E
01
8A
01
8F
01
8D
01
81
01
70
01
61
01
55
01
46
01
34
01
20
01
0E
01
FC
00
E5
00
E4
00
F1
00
FE
00
0C
01
1A
01
27
01
31
01
38
01
3B
01
3B
01
38
01
32
01
2B
01
24
01
1D
01
12
01
05
01
F4
00
DE
00
C9
00
