50
44
30
31
0F
5C
E5
00
E4
01
00
00
04
00
14
00
F1
03
3D
04
7C
04
C1
04
03
05
4B
05
8D
05
CF
05
FA
05
0F
06
18
06
02
06
C8
05
78
05
1A
05
CC
04
94
04
74
04
75
04
8A
04
D2
03
09
04
4F
04
A2
04
02
05
6D
05
CF
05
23
06
5C
06
87
06
B0
06
B0
06
77
06
12
06
A0
05
3F
05
F2
04
B3
04
7D
04
65
04
BE
03
EF
03
3A
04
8F
04
F1
04
58
05
B8
05
11
06
50
06
82
06
AF
06
B9
06
83
06
25
06
B9
05
5B
05
0C
05
CB
04
92
04
7A
04
C0
03
08
04
4B
04
99
04
EA
04
36
05
79
05
BD
05
F7
05
21
06
3C
06
37
06
10
06
C7
05
6F
05
22
05
DF
04
B8
04
B1
04
C4
04
E2
00
01
01
1E
01
3C
01
5C
01
7C
01
99
01
B2
01
C5
01
CE
01
CE
01
C4
01
AE
01
90
01
6E
01
4D
01
2E
01
10
01
F6
00
E5
00
F9
00
18
01
40
01
71
01
AB
01
E6
01
1F
02
50
02
6F
02
7F
02
7C
02
65
02
3B
02
07
02
CF
01
99
01
6B
01
44
01
22
01
02
01
F3
00
12
01
3C
01
71
01
AD
01
ED
01
29
02
5E
02
81
02
92
02
91
02
79
02
4E
02
1A
02
E2
01
AA
01
79
01
4F
01
2B
01
0B
01
D7
00
F4
00
14
01
38
01
60
01
87
01
AB
01
CA
01
E2
01
F1
01
F6
01
EC
01
D5
01
B6
01
92
01
6F
01
4C
01
2D
01
0F
01
FA
00
E6
00
F2
00
FF
00
0A
01
16
01
1F
01
26
01
2B
01
2E
01
30
01
2F
01
2C
01
29
01
24
01
1E
01
15
01
08
01
F4
00
DD
00
CA
00
05
01
16
01
29
01
3F
01
55
01
66
01
76
01
82
01
88
01
88
01
7C
01
6F
01
61
01
56
01
49
01
38
01
26
01
14
01
03
01
EB
00
04
01
17
01
2B
01
44
01
5B
01
71
01
83
01
8F
01
96
01
95
01
89
01
79
01
6B
01
5F
01
51
01
3E
01
2B
01
18
01
06
01
EF
00
E5
00
F3
00
01
01
10
01
1E
01
2C
01
38
01
3F
01
43
01
44
01
42
01
3C
01
35
01
2F
01
28
01
1E
01
11
01
FF
00
E8
00
D2
00
