50
44
30
31
0F
5C
E5
00
E4
01
00
00
04
00
14
00
E3
03
2E
04
6D
04
B0
04
F1
04
34
05
77
05
BB
05
E4
05
F7
05
04
06
F0
05
BC
05
68
05
10
05
C5
04
8A
04
6C
04
6C
04
82
04
C5
03
FD
03
42
04
92
04
EF
04
5B
05
BA
05
09
06
42
06
70
06
97
06
9D
06
66
06
07
06
96
05
35
05
EC
04
AC
04
76
04
5C
04
B2
03
E6
03
2D
04
80
04
DE
04
43
05
A4
05
FE
05
39
06
6C
06
98
06
A7
06
73
06
17
06
AC
05
51
05
00
05
C2
04
8A
04
74
04
B4
03
FC
03
43
04
90
04
DB
04
27
05
67
05
AC
05
E6
05
0E
06
28
06
28
06
FF
05
BA
05
65
05
15
05
D8
04
B3
04
AA
04
B9
04
EA
00
09
01
25
01
43
01
62
01
80
01
9A
01
B3
01
C3
01
CA
01
C9
01
BC
01
A5
01
85
01
64
01
44
01
24
01
07
01
ED
00
DC
00
02
01
21
01
49
01
7B
01
B3
01
EF
01
26
02
53
02
70
02
7D
02
77
02
5E
02
33
02
FE
01
C6
01
90
01
62
01
3B
01
19
01
FA
00
FD
00
1D
01
47
01
7C
01
B7
01
F7
01
33
02
66
02
87
02
97
02
92
02
79
02
4D
02
17
02
DC
01
A4
01
72
01
48
01
24
01
04
01
E0
00
FE
00
1F
01
44
01
6B
01
92
01
B5
01
D4
01
EB
01
F9
01
FB
01
EF
01
D7
01
B6
01
91
01
6C
01
4A
01
29
01
0A
01
F5
00
F1
00
FE
00
09
01
14
01
1F
01
27
01
2C
01
2F
01
31
01
33
01
2F
01
2B
01
25
01
20
01
19
01
0F
01
01
01
EE
00
D7
00
C4
00
12
01
22
01
36
01
4C
01
61
01
71
01
80
01
8B
01
8F
01
8C
01
7F
01
6F
01
60
01
53
01
45
01
33
01
20
01
0E
01
FC
00
E5
00
12
01
24
01
39
01
52
01
69
01
7E
01
8F
01
9A
01
A0
01
9D
01
90
01
7D
01
6D
01
5F
01
50
01
3C
01
28
01
14
01
01
01
EA
00
F2
00
FF
00
0E
01
1C
01
2B
01
38
01
43
01
4A
01
4C
01
4D
01
49
01
41
01
3A
01
32
01
29
01
1E
01
10
01
FD
00
E5
00
D0
00
