 LEFT LENS SHADING DATA
 RED Channel
 {
 17.000000  19.666668  20.666668  24.666668  29.000000  30.666668  32.333332  34.333332  34.000000  34.333332  32.333332  30.333332  29.000000  24.666668  22.000000  18.000000  15.333334 
 18.333332  21.000000  26.000000  30.000000  33.000000  36.000000  39.000000  41.000000  42.000000  41.000000  39.000000  37.000000  33.000000  30.000000  26.000000  22.000000  18.000000 
 20.000000  24.000000  29.000000  33.000000  37.000000  42.000000  45.000000  48.000000  49.000000  48.000000  45.000000  42.000000  38.000000  34.000000  30.000000  25.000000  19.666668 
 21.666668  27.000000  32.000000  36.000000  42.000000  47.000000  52.000000  55.000000  57.000000  55.000000  52.000000  47.000000  42.000000  37.000000  32.000000  28.000000  22.666668 
 23.666668  29.000000  34.000000  39.000000  46.000000  53.000000  59.000000  63.000000  65.000000  63.000000  58.000000  53.000000  46.000000  40.000000  35.000000  30.000000  24.666668 
 25.666668  31.000000  36.000000  42.000000  49.000000  57.000000  64.000000  69.000000  72.000000  70.000000  64.000000  57.000000  50.000000  43.000000  36.000000  31.000000  25.666668 
 26.666668  32.000000  37.000000  43.000000  50.000000  59.000000  66.000000  72.000000  75.000000  73.000000  67.000000  59.000000  52.000000  44.000000  37.000000  32.000000  25.333332 
 26.666668  32.000000  37.000000  43.000000  50.000000  58.000000  65.000000  71.000000  74.000000  72.000000  66.000000  58.000000  51.000000  44.000000  37.000000  31.000000  25.666668 
 25.666668  31.000000  36.000000  41.000000  48.000000  55.000000  62.000000  67.000000  69.000000  68.000000  62.000000  55.000000  49.000000  42.000000  36.000000  31.000000  24.333332 
 23.666668  29.000000  34.000000  38.000000  44.000000  50.000000  56.000000  59.000000  61.000000  60.000000  56.000000  51.000000  45.000000  39.000000  34.000000  29.000000  23.666668 
 21.666668  27.000000  31.000000  35.000000  40.000000  45.000000  49.000000  52.000000  53.000000  52.000000  49.000000  45.000000  41.000000  36.000000  31.000000  26.000000  20.666668 
 20.000000  24.000000  28.000000  32.000000  36.000000  39.000000  42.000000  45.000000  45.000000  45.000000  43.000000  40.000000  36.000000  32.000000  28.000000  23.000000  19.000000 
 17.333332  20.000000  24.000000  28.000000  30.666668  33.666668  36.666668  38.333332  38.333332  38.333332  36.333332  34.666668  32.000000  28.000000  24.000000  20.333332  17.666668 
 } 
 GR Channel
 {
 35.000000  40.333332  47.000000  53.666664  60.666664  65.000000  68.666664  71.333336  72.333336  71.333336  69.666664  66.000000  61.333336  54.333336  46.666668  40.000000  36.000000 
 40.333332  47.000000  55.000000  63.000000  70.000000  77.000000  82.000000  86.000000  87.000000  86.000000  83.000000  78.000000  72.000000  65.000000  56.000000  48.000000  40.000000 
 43.666668  53.000000  62.000000  71.000000  79.000000  88.000000  95.000000  100.000000  101.000000  100.000000  95.000000  89.000000  80.000000  72.000000  64.000000  54.000000  44.666668 
 47.000000  59.000000  68.000000  78.000000  88.000000  99.000000  108.000000  114.000000  116.000000  114.000000  108.000000  100.000000  90.000000  79.000000  70.000000  60.000000  49.333336 
 52.333336  63.000000  73.000000  84.000000  96.000000  109.000000  120.000000  128.000000  132.000000  129.000000  121.000000  110.000000  98.000000  86.000000  75.000000  64.000000  53.333336 
 55.333336  66.000000  77.000000  89.000000  102.000000  117.000000  130.000000  139.000000  144.000000  141.000000  130.000000  117.000000  104.000000  91.000000  78.000000  67.000000  56.333336 
 56.000000  68.000000  79.000000  91.000000  105.000000  120.000000  133.000000  144.000000  149.000000  147.000000  135.000000  121.000000  107.000000  94.000000  80.000000  68.000000  57.333336 
 56.000000  68.000000  78.000000  91.000000  104.000000  119.000000  132.000000  142.000000  147.000000  145.000000  134.000000  120.000000  106.000000  93.000000  80.000000  68.000000  56.000000 
 55.333336  66.000000  76.000000  88.000000  100.000000  114.000000  126.000000  134.000000  138.000000  137.000000  126.000000  115.000000  102.000000  89.000000  77.000000  66.000000  54.000000 
 51.000000  63.000000  72.000000  82.000000  94.000000  105.000000  114.000000  121.000000  124.000000  122.000000  116.000000  107.000000  95.000000  83.000000  73.000000  63.000000  51.000000 
 47.333332  58.000000  68.000000  76.000000  85.000000  94.000000  102.000000  107.000000  109.000000  108.000000  103.000000  96.000000  87.000000  77.000000  68.000000  57.000000  46.333332 
 44.000000  52.000000  61.000000  69.000000  77.000000  84.000000  90.000000  94.000000  95.000000  94.000000  91.000000  85.000000  78.000000  70.000000  62.000000  52.000000  42.666668 
 40.000000  46.666668  54.333336  62.333336  69.000000  73.333336  78.000000  82.000000  83.000000  82.000000  79.000000  74.333336  70.000000  63.333336  54.000000  45.333332  38.666668 
 } 
 GB Channel
 {
 37.666668  40.333332  46.666668  54.666664  60.333336  66.000000  69.666664  72.333336  73.333336  72.333336  70.666664  66.000000  61.333336  55.666664  46.333332  40.000000  36.000000 
 40.333332  47.000000  56.000000  64.000000  71.000000  78.000000  83.000000  87.000000  88.000000  87.000000  84.000000  78.000000  72.000000  65.000000  57.000000  48.000000  41.333332 
 43.666668  53.000000  63.000000  71.000000  80.000000  88.000000  96.000000  101.000000  103.000000  101.000000  96.000000  89.000000  81.000000  72.000000  64.000000  54.000000  44.666668 
 47.000000  59.000000  68.000000  78.000000  89.000000  99.000000  108.000000  115.000000  117.000000  115.000000  109.000000  100.000000  90.000000  79.000000  70.000000  60.000000  49.333336 
 52.333336  63.000000  73.000000  84.000000  96.000000  110.000000  121.000000  129.000000  132.000000  130.000000  121.000000  110.000000  98.000000  86.000000  75.000000  64.000000  53.333336 
 55.333336  66.000000  76.000000  89.000000  102.000000  117.000000  130.000000  140.000000  144.000000  142.000000  131.000000  117.000000  104.000000  91.000000  78.000000  67.000000  56.333336 
 56.333336  67.000000  78.000000  90.000000  105.000000  120.000000  133.000000  145.000000  150.000000  147.000000  136.000000  121.000000  107.000000  93.000000  80.000000  68.000000  57.333336 
 56.333336  67.000000  78.000000  90.000000  104.000000  119.000000  132.000000  143.000000  148.000000  145.000000  134.000000  120.000000  106.000000  93.000000  79.000000  68.000000  56.000000 
 55.333336  66.000000  76.000000  87.000000  100.000000  114.000000  126.000000  135.000000  139.000000  137.000000  127.000000  115.000000  102.000000  89.000000  77.000000  66.000000  54.000000 
 51.000000  63.000000  72.000000  82.000000  94.000000  105.000000  115.000000  122.000000  125.000000  123.000000  116.000000  107.000000  95.000000  83.000000  73.000000  62.000000  51.333336 
 47.333332  58.000000  68.000000  76.000000  86.000000  95.000000  103.000000  108.000000  110.000000  109.000000  104.000000  96.000000  87.000000  77.000000  68.000000  57.000000  46.333332 
 44.000000  52.000000  62.000000  70.000000  77.000000  84.000000  91.000000  95.000000  96.000000  95.000000  91.000000  86.000000  78.000000  71.000000  62.000000  51.000000  43.000000 
 40.000000  46.666668  54.000000  62.000000  69.000000  74.666664  79.000000  83.000000  84.000000  83.000000  80.333336  75.333336  70.000000  63.000000  54.000000  45.666668  39.000000 
 } 
 B Channel
 {
 22.000000  26.000000  29.333332  34.333332  38.333332  42.333332  43.666668  45.666668  46.666668  45.666668  43.666668  42.333332  39.333332  34.333332  29.333332  26.000000  22.000000 
 26.000000  30.000000  36.000000  41.000000  45.000000  49.000000  53.000000  55.000000  56.000000  55.000000  53.000000  49.000000  46.000000  41.000000  36.000000  30.000000  26.000000 
 28.666668  34.000000  40.000000  46.000000  51.000000  56.000000  60.000000  63.000000  64.000000  63.000000  60.000000  56.000000  51.000000  46.000000  41.000000  34.000000  28.666668 
 31.333332  38.000000  44.000000  50.000000  57.000000  63.000000  68.000000  71.000000  73.000000  71.000000  68.000000  63.000000  57.000000  50.000000  45.000000  38.000000  31.333332 
 34.333332  41.000000  47.000000  54.000000  61.000000  69.000000  75.000000  79.000000  81.000000  80.000000  75.000000  68.000000  62.000000  54.000000  47.000000  41.000000  34.333332 
 36.333332  43.000000  50.000000  57.000000  65.000000  73.000000  80.000000  85.000000  88.000000  86.000000  80.000000  72.000000  65.000000  57.000000  49.000000  43.000000  36.333332 
 37.333332  44.000000  51.000000  58.000000  66.000000  75.000000  82.000000  88.000000  91.000000  89.000000  83.000000  74.000000  67.000000  58.000000  51.000000  44.000000  36.000000 
 37.333332  44.000000  50.000000  58.000000  66.000000  74.000000  81.000000  87.000000  90.000000  88.000000  82.000000  74.000000  66.000000  58.000000  50.000000  43.000000  36.333332 
 35.000000  43.000000  49.000000  56.000000  64.000000  72.000000  78.000000  83.000000  85.000000  84.000000  78.000000  71.000000  64.000000  56.000000  49.000000  42.000000  35.333332 
 33.000000  41.000000  47.000000  53.000000  60.000000  66.000000  72.000000  76.000000  78.000000  76.000000  72.000000  67.000000  60.000000  53.000000  46.000000  40.000000  33.333332 
 31.666668  37.000000  44.000000  49.000000  55.000000  60.000000  65.000000  68.000000  69.000000  68.000000  65.000000  61.000000  55.000000  49.000000  43.000000  37.000000  30.333332 
 28.666668  34.000000  40.000000  45.000000  50.000000  54.000000  58.000000  60.000000  61.000000  60.000000  58.000000  54.000000  50.000000  45.000000  39.000000  33.000000  27.666668 
 26.000000  30.000000  34.666668  39.666668  44.666668  47.333332  50.000000  53.333336  53.000000  53.333336  51.333336  47.333332  44.666668  39.666668  35.000000  29.000000  25.000000 
 } 


 White Balance Data with optical Center Data
 r_center_x =  1051 r_center_y =  819 
 gr_center_x =  1076 gr_center_y =  805 
 b_center_x =  1071 b_center_y =  779 
 gb_center_x =  1056 gb_center_y =  799 
 r/gr 0.500868 
 b/gr 0.610877 
 r_oc_ave 75.639999 
 b_oc_ave 92.253334 
 gr_oc_ave 151.017776 
 gb_oc_ave 151.333328 