21
49
49
28
32
65
65
39
35
76
76
47
43
93
93
55
47
104
104
57
49
111
116
65
59
123
123
69
56
125
131
72
61
129
135
72
61
131
129
72
57
127
127
73
53
120
119
69
51
108
107
61
41
96
96
53
39
85
85
45
31
64
69
39
20
43
48
28
27
60
60
33
32
76
76
44
40
92
92
52
48
104
104
60
52
120
120
68
60
132
132
76
64
144
144
80
72
152
152
88
72
156
156
88
72
152
156
88
68
148
148
84
64
136
140
80
56
124
128
72
52
112
112
64
44
96
96
56
36
80
80
44
25
59
59
33
29
68
68
43
40
84
84
48
44
100
100
60
52
116
116
68
60
132
132
76
68
152
152
88
76
168
168
96
84
180
184
104
84
184
188
104
84
180
184
104
80
172
172
96
72
156
160
88
64
140
144
80
56
124
128
72
48
108
108
64
40
92
92
52
29
71
71
41
35
76
76
45
40
92
92
56
52
112
112
64
60
128
128
76
68
148
148
84
80
172
172
100
88
192
196
108
96
208
212
116
100
216
220
120
96
212
212
120
92
196
200
112
80
180
180
100
72
156
156
88
64
136
136
76
52
120
120
68
44
100
100
56
33
79
79
45
39
79
80
45
44
100
96
56
52
116
116
68
64
140
136
80
76
164
164
92
88
192
192
108
100
216
216
120
108
240
240
132
112
248
248
136
112
240
240
132
100
220
224
124
88
196
196
108
76
172
168
96
68
148
148
84
56
128
124
72
48
104
104
60
37
88
88
49
37
83
84
49
48
104
100
60
56
124
120
72
68
144
144
84
80
176
172
100
96
204
204
116
108
236
236
132
120
260
260
144
124
268
268
148
120
260
260
144
108
236
236
132
96
208
208
116
80
180
180
100
68
152
152
84
60
132
128
72
48
108
108
64
43
92
87
48
37
83
83
49
48
104
104
60
56
124
124
72
68
148
144
84
80
176
176
100
96
208
208
116
112
240
240
136
124
268
268
148
128
276
276
148
124
264
264
144
112
240
240
132
96
212
212
116
84
180
180
100
72
156
152
88
60
132
132
72
48
112
108
64
43
91
92
48
37
83
84
49
48
104
100
60
56
120
120
72
68
144
144
84
80
172
172
100
92
204
200
116
108
232
232
128
120
256
256
140
124
264
264
144
116
252
252
140
108
232
232
128
96
204
204
112
80
176
176
100
68
152
148
84
60
128
128
72
48
108
108
60
37
87
87
49
39
79
80
45
44
100
96
56
52
116
116
68
64
136
136
80
76
160
160
92
88
188
188
108
96
212
212
120
108
228
232
128
112
236
236
132
108
228
232
128
100
212
212
116
88
188
188
104
76
164
164
92
64
140
140
80
56
124
120
68
48
104
104
60
37
83
83
44
35
76
76
47
40
92
92
52
48
108
108
64
56
128
128
72
68
144
144
84
76
168
168
96
88
184
188
104
92
200
200
112
96
204
208
116
92
200
200
112
88
188
188
104
76
168
168
92
68
148
148
84
60
132
132
72
52
112
112
64
44
96
96
52
33
75
75
41
31
68
68
37
36
84
84
48
44
100
100
56
52
116
116
68
60
132
132
76
68
144
148
84
76
160
160
92
80
168
172
96
80
172
176
100
80
172
172
96
72
160
160
88
68
148
148
84
60
132
132
76
52
116
116
64
44
100
100
56
36
84
84
48
31
68
68
37
27
61
61
33
32
72
72
44
40
88
88
52
48
104
104
60
52
116
116
68
60
128
128
72
64
136
140
80
68
144
144
84
68
144
148
84
68
144
144
80
64
136
136
76
56
128
128
72
52
116
116
64
48
104
104
60
40
88
88
52
32
72
72
40
21
56
56
29
21
51
51
28
27
61
61
39
35
77
77
47
37
88
88
49
47
100
100
57
49
107
112
61
53
120
119
69
57
123
123
68
57
123
127
68
57
123
123
69
53
120
120
65
51
107
112
61
47
100
100
59
37
88
88
49
35
77
77
41
27
61
61
35
16
35
35
19
R 最小为:16 R 最大为:128
Gr最小为:35 Gr最大为:276
Gb最小为:35 Gb最大为:276
B 最小为:19 B 最大为:148
LSCDistanceSpec为：276

21
49
49
28
27
65
65
39
35
77
77
47
43
88
88
49
47
100
100
57
49
112
111
65
53
119
119
69
57
127
125
73
56
125
129
72
57
125
131
72
57
123
127
68
55
115
120
65
51
108
108
61
43
96
96
53
39
80
80
45
31
64
64
39
20
43
43
23
27
60
60
33
32
76
76
44
40
88
88
52
48
104
104
60
52
116
116
68
60
128
132
76
64
140
140
80
68
148
152
84
72
152
156
88
68
152
152
88
68
144
148
84
60
136
136
76
56
124
124
72
48
112
112
64
44
96
96
56
36
80
80
44
25
59
59
33
31
68
68
37
36
84
84
48
44
100
100
60
52
116
116
68
60
132
132
76
68
148
148
84
76
164
168
96
84
176
180
100
84
184
184
104
84
180
180
100
76
168
172
96
72
156
156
88
64
140
140
80
56
124
124
72
48
108
108
60
40
88
88
52
29
72
72
41
35
76
76
41
40
92
92
52
48
108
108
64
60
128
128
72
68
148
148
84
76
168
172
96
88
192
192
108
96
208
208
116
100
212
216
120
96
208
212
116
88
196
196
108
80
176
176
100
72
156
156
88
60
136
136
76
52
116
116
68
44
100
100
56
33
79
79
45
33
80
80
45
44
96
96
56
52
116
116
68
64
136
136
80
76
164
160
92
88
188
188
108
100
216
216
120
108
236
236
132
112
244
244
136
108
236
236
132
100
220
220
120
88
192
192
108
76
168
168
92
64
144
144
80
56
124
124
72
48
104
104
60
37
83
83
49
37
84
84
49
48
100
100
60
56
120
120
68
64
144
144
84
80
172
172
96
92
204
200
112
108
232
232
128
120
256
256
140
124
264
264
144
120
256
256
140
108
232
236
128
96
204
204
112
80
176
176
100
68
152
148
84
60
128
128
72
48
108
108
60
37
87
87
49
37
83
84
49
48
104
100
60
56
124
120
72
68
144
144
84
80
176
172
100
96
208
204
116
112
240
236
132
120
264
264
144
124
272
272
148
120
260
260
144
108
236
236
132
96
208
208
116
80
180
176
100
68
152
152
84
60
128
128
72
48
108
108
60
37
87
87
49
37
84
79
49
48
100
100
60
56
120
120
68
64
144
140
80
80
172
168
96
92
200
200
112
104
228
228
128
116
252
252
140
120
260
260
140
116
248
252
136
104
228
228
124
92
204
200
112
80
172
172
96
68
148
148
84
56
128
128
72
48
108
104
60
37
87
88
49
39
80
80
45
44
96
96
56
52
116
116
68
60
136
136
76
72
160
160
92
84
184
184
104
96
208
208
116
104
228
228
128
108
232
236
128
104
228
228
124
96
208
208
116
84
188
188
104
76
164
160
92
64
140
140
80
56
120
120
68
44
100
100
56
39
84
79
45
35
76
71
41
40
92
92
52
48
108
108
64
56
124
124
72
64
144
144
84
76
164
164
92
84
184
184
104
92
196
200
112
96
200
204
112
92
196
200
112
84
184
184
104
76
164
168
92
68
148
148
80
60
128
128
72
52
112
112
64
40
92
92
52
35
76
76
41
31
68
69
37
36
84
80
48
44
100
96
56
52
112
112
64
60
128
128
72
68
144
144
84
72
156
160
92
80
168
168
96
80
172
172
96
80
168
168
96
72
156
160
88
64
144
144
80
60
132
132
72
52
116
116
64
44
100
100
56
36
84
84
48
31
63
63
37
27
56
56
33
32
72
72
44
40
88
88
52
44
100
100
60
52
112
112
64
56
124
128
72
64
136
136
76
64
140
144
80
68
144
148
80
64
140
144
80
64
136
136
76
56
124
128
72
52
116
116
64
44
100
100
56
40
88
88
48
32
72
72
40
21
51
51
29
21
51
51
28
27
61
61
33
35
77
77
41
39
89
89
49
47
101
101
59
51
108
107
61
53
115
120
65
53
119
123
69
57
123
121
69
53
119
123
69
53
115
115
65
51
108
107
61
47
100
100
53
39
89
89
51
35
72
77
43
27
56
56
35
16
35
35
19
R 最小为:16 R 最大为:124
Gr最小为:35 Gr最大为:272
Gb最小为:35 Gb最大为:272
B 最小为:19 B 最大为:148
LSCDistanceSpec为：6

21
51
51
29
27
61
61
35
35
73
73
43
39
84
84
51
41
96
96
53
51
108
108
61
55
116
115
65
53
119
123
69
57
123
121
68
57
123
121
68
53
119
119
69
49
112
111
67
47
99
104
57
43
88
93
49
35
76
76
41
27
60
60
33
16
44
44
23
27
56
56
35
32
72
72
40
40
84
84
48
44
100
100
56
52
112
112
64
56
124
124
72
60
132
136
76
64
140
144
80
68
144
148
84
68
144
148
84
64
140
140
80
60
128
132
72
52
120
120
68
48
104
104
60
40
92
92
52
32
76
76
44
27
55
55
33
31
64
64
37
36
80
80
48
44
96
96
56
52
112
112
64
56
124
128
72
64
140
144
80
72
156
156
88
76
168
172
96
80
172
176
96
80
172
172
96
72
160
164
92
68
148
148
84
60
132
136
76
52
116
120
68
44
100
104
60
40
84
84
48
29
68
68
37
35
72
72
41
40
88
88
52
48
104
104
60
56
120
120
68
64
140
140
80
72
160
164
92
84
180
180
104
92
196
196
108
92
200
204
112
92
200
200
112
84
188
188
104
76
168
168
96
68
148
148
84
60
128
128
72
52
112
112
64
44
92
92
52
33
76
76
41
33
76
76
45
44
92
92
56
52
112
112
64
60
132
132
76
72
156
152
88
84
180
180
100
92
204
204
112
104
224
224
124
108
232
232
128
104
224
224
124
96
208
208
116
84
184
184
104
72
160
160
88
64
140
136
76
52
120
120
68
44
100
100
56
33
79
79
45
39
80
80
45
44
96
96
56
52
116
116
68
64
140
136
80
76
164
164
92
88
192
192
108
100
220
220
120
112
244
244
132
116
252
252
136
112
244
244
132
104
224
224
124
92
200
196
108
76
168
168
96
64
144
144
80
56
124
124
68
48
104
104
60
37
83
83
49
39
79
80
45
44
100
96
56
52
116
116
68
64
140
140
80
76
168
164
96
92
196
196
112
104
224
224
124
116
248
248
136
120
260
260
140
116
252
252
136
104
228
228
124
92
200
200
112
80
172
172
96
64
144
144
80
56
124
124
68
48
104
104
60
37
83
83
49
39
80
80
45
44
96
96
56
52
116
116
68
64
136
136
80
76
164
160
92
88
192
188
108
100
216
216
120
112
240
240
132
116
248
248
136
112
240
240
132
100
220
220
120
88
196
192
108
76
168
164
92
64
140
140
80
56
120
120
68
44
100
100
56
39
84
84
45
33
76
76
45
44
92
92
56
52
112
108
64
60
128
128
76
68
152
152
88
80
176
176
100
92
200
200
112
100
216
216
120
104
224
224
124
100
216
216
120
92
200
200
112
80
180
180
100
72
156
156
88
60
132
132
76
52
116
116
64
44
96
96
56
33
80
80
45
29
72
72
41
40
88
88
52
48
104
104
60
56
120
120
68
64
140
140
80
72
156
160
92
80
176
176
100
88
188
188
104
88
192
192
108
88
188
188
104
80
176
176
100
72
160
160
88
64
140
140
80
56
124
124
68
48
108
108
60
40
88
88
52
29
72
72
41
31
64
64
37
36
80
80
48
44
96
96
56
48
108
108
64
56
124
124
72
64
140
140
80
68
152
152
88
76
160
164
92
76
164
164
92
76
160
160
88
68
152
152
84
64
140
140
76
56
124
128
72
52
112
112
64
44
96
96
56
36
80
80
48
31
64
64
37
27
56
56
35
32
72
72
40
40
84
84
48
44
96
96
56
48
108
112
64
56
120
120
68
60
128
132
76
64
136
136
76
64
136
140
80
64
136
136
76
60
132
132
72
56
124
124
68
52
112
112
64
44
100
100
56
40
88
88
48
32
72
72
40
21
51
51
29
21
45
45
29
27
61
61
35
35
73
73
43
39
85
85
51
43
97
96
53
45
104
104
63
49
112
111
65
53
115
120
65
53
120
119
64
53
115
120
65
49
111
116
67
51
108
108
63
41
96
101
53
39
89
89
51
35
72
72
43
27
56
56
35
16
35
35
19
R 最小为:16 R 最大为:120
Gr最小为:35 Gr最大为:260
Gb最小为:35 Gb最大为:260
B 最小为:19 B 最大为:140
LSCDistanceSpec为：20

111
247
252
143
143
311
311
180
169
373
373
215
196
432
432
251
224
487
491
21
247
531
535
48
264
567
576
71
279
601
608
89
287
611
623
96
283
608
620
92
272
591
599
83
259
557
567
64
235
512
521
37
208
453
457
7
176
392
392
221
140
312
316
179
97
221
225
125
132
295
295
169
164
364
364
212
196
432
432
252
228
496
496
32
256
556
560
64
284
616
620
96
312
668
672
124
332
708
720
148
340
728
740
160
336
720
732
156
320
692
700
136
296
648
652
112
272
592
596
80
240
528
532
44
208
456
456
8
172
376
380
216
129
291
289
163
151
329
329
193
188
404
404
236
220
480
480
24
256
556
556
64
288
628
628
104
324
704
708
148
364
780
788
188
392
836
844
220
404
860
872
232
396
848
860
228
372
804
816
200
340
740
748
164
304
664
668
120
268
592
592
80
236
512
516
36
196
428
432
248
153
343
341
195
167
360
360
208
204
440
440
0
240
524
520
48
280
608
604
92
324
700
700
144
372
804
804
200
416
888
892
252
452
932
936
32
468
944
948
48
460
940
944
44
428
912
916
8
384
836
840
212
340
736
740
160
296
648
648
108
256
560
560
64
216
472
472
12
173
381
381
220
179
387
383
224
216
472
468
16
256
556
552
68
304
652
648
120
356
768
764
180
412
884
880
248
468
944
944
48
512
956
956
100
532
956
956
116
516
956
956
104
476
952
952
64
424
908
908
4
368
800
800
192
316
692
688
132
272
596
592
80
228
500
500
28
185
409
409
236
187
403
399
236
224
488
484
28
268
580
576
80
316
688
680
140
376
816
808
204
440
924
920
20
504
956
956
88
560
956
956
148
580
956
956
168
564
956
956
148
516
956
956
100
456
936
936
32
388
840
840
212
328
720
716
144
280
616
612
88
236
516
516
36
193
420
420
239
185
405
397
235
228
496
488
32
272
588
580
84
324
696
688
144
384
828
820
216
452
932
932
32
520
956
956
104
576
956
956
164
596
956
956
184
576
956
956
160
528
956
956
108
464
944
940
40
392
852
848
216
332
724
720
148
284
616
616
88
236
520
516
36
193
424
425
244
187
403
393
231
224
488
484
28
268
576
572
76
316
680
676
132
376
808
800
204
440
920
916
16
500
956
956
84
552
956
956
140
572
956
956
156
552
956
956
136
504
956
956
84
444
928
928
20
380
828
824
204
324
704
700
136
276
604
600
80
232
508
508
32
189
417
412
235
179
383
379
224
216
468
464
16
256
552
548
64
300
644
640
116
348
756
752
176
408
872
868
240
460
940
940
40
500
952
952
80
516
956
956
96
500
952
956
80
460
940
940
36
412
880
880
232
356
772
768
172
304
668
664
116
264
572
572
68
224
484
484
20
176
393
393
223
167
356
351
208
204
436
436
0
240
516
516
44
276
600
596
88
316
688
688
140
364
784
788
192
404
868
872
236
436
912
916
8
448
924
928
20
436
912
916
8
404
868
872
228
364
788
792
184
320
700
700
132
284
616
616
88
244
536
532
44
204
452
448
0
167
361
363
208
147
320
321
189
184
400
396
232
216
472
472
20
252
544
544
60
284
616
616
100
316
684
688
136
352
748
756
172
372
792
804
196
380
808
816
200
372
792
800
192
348
752
760
168
320
692
696
132
288
628
632
96
256
560
564
60
224
488
488
20
188
408
408
232
145
323
328
184
127
283
283
165
164
352
352
208
192
420
420
248
224
484
488
24
252
544
548
60
276
596
604
88
300
640
648
112
316
672
684
128
320
684
692
132
316
676
684
128
300
652
656
112
280
608
616
88
256
560
564
60
228
500
504
28
200
436
436
248
164
360
360
204
121
269
269
151
105
240
240
133
137
304
304
176
165
367
367
211
197
425
424
248
220
475
479
23
244
521
529
45
257
555
563
64
268
576
583
75
272
588
596
79
273
585
593
75
263
567
571
69
243
533
541
45
224
491
495
17
201
436
440
247
168
377
377
211
132
296
296
167
79
184
184
97
R 最小为:79 R 最大为:596
Gr最小为:184 Gr最大为:956
Gb最小为:184 Gb最大为:956
B 最小为:0 B 最大为:252
LSCDistanceSpec为：732

115
251
251
148
141
315
320
180
173
377
377
220
201
435
440
249
228
495
493
25
251
539
543
52
268
580
588
73
283
608
616
92
291
623
629
99
287
620
627
96
276
599
611
85
263
565
573
68
239
520
524
40
212
463
467
9
180
395
400
227
145
321
320
183
103
225
229
124
136
299
299
175
168
368
368
212
200
436
436
252
228
504
504
36
260
564
568
68
288
624
628
100
316
676
684
132
336
720
728
156
344
740
752
168
340
732
744
160
324
700
712
144
300
656
664
116
276
600
604
88
244
532
536
52
212
464
464
8
172
380
384
220
129
295
293
167
151
332
333
192
188
412
408
240
224
488
488
28
256
560
560
68
292
636
636
108
332
716
720
152
368
792
796
192
396
848
856
224
408
872
880
240
400
860
868
232
376
816
824
208
344
752
756
168
308
676
680
128
272
600
600
84
236
520
524
44
200
436
436
248
157
345
351
200
167
368
364
212
204
448
444
4
244
532
528
52
284
616
612
96
328
708
708
148
376
816
816
204
420
900
900
0
460
940
940
40
476
948
948
56
464
944
948
48
436
920
924
16
388
848
852
220
344
748
752
164
300
656
656
116
260
568
568
68
220
476
480
16
172
385
384
224
177
391
387
228
220
476
472
20
260
564
560
72
308
664
660
124
360
780
776
184
416
892
892
252
472
948
948
56
520
956
956
104
540
956
956
128
524
956
956
112
484
952
952
72
432
916
916
12
372
812
812
200
320
700
700
136
276
604
604
84
232
508
508
32
189
412
412
240
185
405
403
235
228
496
488
32
272
588
584
84
324
696
688
144
384
828
820
212
448
932
928
28
512
956
956
100
564
956
956
156
588
956
956
176
572
956
956
160
524
956
956
108
460
944
940
40
392
852
852
220
336
728
724
152
288
624
620
96
240
524
524
40
192
428
428
243
189
409
405
239
232
500
496
36
276
592
588
88
328
708
700
148
392
840
832
220
456
940
936
40
528
956
956
112
584
956
956
172
604
956
956
192
584
956
956
172
536
956
956
120
472
948
944
48
400
864
860
224
336
736
732
152
288
628
624
96
240
528
528
40
197
432
432
248
185
407
403
235
228
492
488
32
272
584
580
80
320
692
684
140
380
820
812
208
444
928
924
24
508
956
956
92
560
956
956
148
580
956
956
164
560
956
956
144
512
956
956
92
452
936
932
28
388
840
836
208
328
716
712
144
280
612
612
88
236
516
516
36
188
420
420
239
183
387
383
228
220
472
468
20
260
560
556
68
304
656
648
120
356
768
764
180
412
880
880
248
468
944
944
44
508
956
956
88
524
956
956
104
508
956
956
88
468
944
944
44
416
892
888
240
360
784
780
180
312
676
676
120
268
584
580
72
224
492
492
24
181
401
401
227
167
359
360
212
204
444
440
4
244
524
524
48
280
608
604
92
320
696
696
144
368
796
796
196
412
876
880
244
444
920
924
16
456
928
932
28
444
920
924
16
412
880
884
236
368
800
800
188
324
708
708
140
284
628
624
92
248
544
544
48
208
456
456
4
171
371
371
212
151
329
325
188
188
404
400
236
220
480
476
24
256
552
552
64
288
624
628
104
324
696
700
140
356
760
768
176
380
804
816
200
384
820
828
208
376
804
812
196
352
764
768
172
324
704
708
136
292
636
640
100
260
572
572
64
228
496
496
24
188
416
416
236
151
331
331
188
132
287
287
165
164
356
356
208
196
428
424
248
228
492
496
28
256
552
556
64
280
604
612
92
304
652
660
116
320
684
692
136
324
692
704
136
320
688
696
132
308
660
668
116
284
620
624
92
260
568
572
64
232
508
512
32
200
440
444
252
164
364
364
208
121
273
273
155
111
239
239
139
137
308
308
181
169
369
371
216
196
428
432
252
224
483
487
21
243
529
532
49
261
561
569
68
272
583
596
77
276
596
608
83
277
592
600
84
265
575
583
68
247
540
549
49
228
493
503
27
200
444
443
251
173
381
380
215
137
300
305
171
84
188
188
101
R 最小为:84 R 最大为:604
Gr最小为:188 Gr最大为:956
Gb最小为:188 Gb最大为:956
B 最小为:0 B 最大为:252
LSCDistanceSpec为：736

49
115
119
69
65
147
145
85
76
173
172
100
93
200
205
116
104
228
227
132
116
251
249
143
123
269
273
155
129
279
288
161
133
287
289
165
135
283
291
165
127
276
280
157
119
263
265
151
108
239
243
135
96
211
216
119
80
180
184
104
64
144
149
84
43
101
107
57
60
136
135
80
76
168
172
96
92
200
204
116
104
232
232
132
120
260
264
148
132
288
292
164
144
312
316
176
156
332
336
188
160
340
348
192
156
336
344
192
148
324
328
184
140
300
308
172
124
276
280
156
112
248
248
140
96
212
216
120
80
176
176
100
59
133
139
79
67
156
155
91
88
188
192
112
104
224
224
132
120
260
260
148
136
296
296
168
152
332
332
188
168
364
368
208
184
392
396
220
188
404
412
228
184
400
404
224
172
376
384
212
160
348
352
196
140
312
312
176
124
276
280
156
108
240
240
136
92
200
204
116
71
157
161
89
75
171
171
99
96
208
208
120
112
244
244
140
132
284
284
164
152
328
328
188
172
376
376
212
196
420
424
236
212
456
460
0
220
472
476
8
216
464
468
4
200
436
440
244
180
392
396
220
156
344
348
192
136
304
304
168
120
260
264
148
100
220
220
124
79
177
177
103
84
183
183
107
100
220
220
128
120
260
260
152
140
308
304
176
164
360
360
204
192
420
416
236
220
472
476
8
240
516
520
28
248
536
540
40
244
524
528
32
224
484
488
12
200
432
432
240
172
376
376
208
148
324
324
180
128
280
280
156
108
236
236
132
87
188
193
111
88
191
185
111
104
228
228
132
124
272
272
156
148
324
320
184
176
384
380
216
208
448
444
252
236
512
512
28
260
564
564
52
272
584
588
64
264
568
572
56
244
524
524
32
212
460
460
0
180
396
392
220
152
336
336
188
132
288
288
160
108
240
240
136
92
197
197
115
87
189
189
109
108
232
232
136
128
276
272
160
152
328
324
188
180
392
388
220
212
456
452
0
244
524
524
32
272
580
580
60
280
600
600
72
272
584
584
60
248
532
532
36
216
468
468
4
184
400
400
220
156
340
340
188
132
288
288
160
112
244
244
136
91
201
201
115
88
191
185
111
104
228
228
132
124
272
268
156
148
320
320
184
176
380
376
216
204
444
444
248
236
504
504
24
260
556
556
48
268
576
576
56
260
556
560
48
236
512
512
24
208
452
452
248
180
388
388
216
152
328
328
184
128
284
284
156
108
240
240
136
87
192
192
109
84
177
177
107
100
220
220
128
120
260
260
148
140
304
304
172
164
356
352
204
192
412
412
232
216
464
464
4
236
500
504
24
244
516
520
28
236
504
508
20
216
464
468
0
192
416
416
232
168
360
360
200
144
312
312
172
124
268
268
152
104
228
228
128
83
185
185
107
75
167
167
99
96
204
204
120
112
244
244
140
128
280
280
160
148
324
324
184
172
368
372
208
192
408
412
232
204
436
440
244
212
448
452
252
204
436
440
244
192
408
412
228
168
372
372
204
148
328
328
184
132
288
288
160
116
252
252
140
96
212
212
120
75
169
169
99
68
151
151
87
84
188
188
108
100
224
224
128
116
256
256
148
132
292
292
164
148
324
324
184
164
352
356
200
176
372
380
212
180
380
384
216
176
372
376
208
164
352
356
196
148
324
328
180
136
296
296
164
120
264
264
148
104
228
228
128
88
192
192
108
67
155
155
87
60
131
131
75
76
168
168
96
92
200
200
116
104
228
228
132
116
256
260
148
128
280
284
160
140
300
304
172
148
316
320
180
152
320
328
184
148
320
324
180
140
308
308
172
132
288
288
160
120
264
264
148
108
236
236
132
92
204
204
116
76
168
168
96
55
125
125
69
49
109
109
64
65
141
141
85
76
173
173
100
93
201
201
116
105
224
228
127
112
243
252
139
119
263
267
151
127
273
277
153
125
277
280
157
127
272
281
153
124
265
271
151
111
251
256
144
104
232
232
132
92
204
209
116
81
177
177
100
60
141
141
80
39
88
88
48
R 最小为:39 R 最大为:280
Gr最小为:88 Gr最大为:600
Gb最小为:88 Gb最大为:600
B 最小为:0 B 最大为:252
LSCDistanceSpec为：324

49
119
119
68
65
145
145
84
81
172
177
100
92
205
204
115
104
227
232
131
116
249
255
141
128
268
272
153
129
283
287
160
133
291
293
164
135
287
295
164
125
281
284
157
119
267
271
149
107
243
247
139
96
211
215
124
80
185
189
103
64
149
148
84
43
101
105
57
60
140
140
79
76
172
172
100
92
204
204
116
108
232
236
136
120
264
264
152
132
292
292
168
144
316
320
180
156
336
340
192
160
344
352
196
156
340
348
196
152
324
332
184
140
304
308
176
128
280
284
160
112
248
252
140
96
212
216
124
80
176
180
100
59
133
137
79
72
155
155
91
88
192
192
112
104
228
228
132
120
260
264
152
136
296
296
168
152
332
336
192
172
368
372
208
184
396
400
224
192
408
416
232
188
400
408
228
176
380
384
216
160
348
352
200
144
316
316
180
128
280
280
160
108
240
244
136
92
200
204
116
71
163
161
89
75
171
171
99
96
208
208
120
112
248
248
144
132
284
288
164
152
332
332
188
176
380
380
216
196
424
428
240
216
460
464
0
220
476
480
12
216
468
472
8
204
440
444
248
180
396
400
224
160
348
348
196
140
304
308
172
120
264
264
152
100
220
224
128
79
177
181
101
84
183
183
107
100
220
220
128
120
264
260
152
144
308
308
176
168
364
364
208
196
420
420
236
220
476
480
12
244
520
524
32
252
540
544
44
244
528
532
36
224
492
492
16
200
436
436
244
172
380
380
212
148
328
328
184
128
280
280
160
108
236
236
136
87
193
193
109
88
189
191
111
104
232
228
132
124
272
272
156
148
324
324
188
180
384
384
220
208
452
448
252
240
516
516
32
264
568
572
56
276
588
592
68
268
572
576
60
244
528
528
36
216
464
464
4
184
400
396
224
156
340
340
188
132
288
292
164
112
244
244
140
91
201
201
113
87
189
189
109
108
232
232
136
128
276
276
160
152
328
328
188
180
392
388
224
212
460
456
0
244
528
528
36
272
584
584
64
284
608
608
76
272
588
588
64
248
536
536
40
220
472
472
4
184
404
404
224
156
340
340
192
132
292
292
164
112
244
244
140
91
201
201
113
88
191
185
111
104
228
228
132
124
272
272
156
148
320
320
184
176
384
380
216
208
448
444
252
236
508
508
28
260
560
560
52
272
580
584
60
260
564
564
52
240
516
516
28
212
456
456
252
180
392
392
216
152
332
332
184
132
284
284
160
108
240
240
136
87
197
197
109
84
183
177
107
100
220
220
128
120
260
260
152
140
304
304
176
164
356
356
204
192
416
416
236
216
468
468
4
236
504
508
24
244
520
524
32
236
508
512
24
220
468
472
4
196
420
420
232
168
364
364
204
144
316
316
176
124
272
272
152
104
228
228
128
83
185
185
107
75
167
167
99
96
204
204
120
112
244
244
140
128
284
284
164
148
324
324
188
172
372
372
212
192
412
416
232
208
440
444
248
212
448
456
252
208
440
444
248
192
412
416
232
172
372
376
208
152
332
332
184
132
292
292
164
116
252
252
144
96
212
212
120
80
169
169
99
68
151
151
87
84
188
188
108
100
224
224
128
116
256
260
148
132
292
292
168
148
324
328
188
164
352
360
204
176
376
380
216
180
384
388
216
176
376
380
212
164
356
360
200
152
328
328
184
136
296
300
168
120
264
268
148
104
232
232
132
88
192
192
108
67
155
155
87
60
131
131
75
76
168
168
96
92
200
200
116
104
228
232
132
116
256
260
148
132
284
284
164
140
304
308
176
148
320
324
184
152
324
328
184
148
320
324
180
144
308
312
176
132
288
292
164
120
264
268
148
108
236
240
132
92
204
208
116
76
168
168
96
55
125
125
69
49
109
109
64
65
141
141
85
76
173
173
100
93
201
200
116
105
224
228
132
111
247
252
143
119
261
265
149
127
272
276
157
131
276
285
157
127
277
281
159
123
265
269
155
116
251
255
143
104
232
231
132
92
204
208
116
81
177
176
100
60
141
141
80
39
88
88
48
R 最小为:39 R 最大为:284
Gr最小为:88 Gr最大为:608
Gb最小为:88 Gb最大为:608
B 最小为:0 B 最大为:252
LSCDistanceSpec为：8

144
281
281
167
187
377
377
215
239
483
483
15
297
605
609
73
361
751
756
143
287
577
583
59
216
432
431
244
176
333
339
195
139
259
259
152
139
259
259
152
139
259
259
152
139
259
259
152
139
259
259
152
139
259
259
152
139
259
259
152
139
259
259
152
139
259
259
152
160
308
308
177
208
420
420
236
276
568
568
52
356
744
748
132
436
900
900
212
324
668
668
96
248
496
500
20
192
376
376
216
149
285
285
168
149
285
285
168
149
285
285
168
149
285
285
168
149
285
285
168
149
285
285
168
149
285
285
168
149
285
285
168
149
285
285
168
161
312
312
185
220
440
440
244
288
596
596
60
352
740
740
120
372
784
788
140
324
676
676
92
260
524
528
28
204
396
396
224
156
289
295
171
156
289
295
171
156
289
295
171
156
289
295
171
156
289
295
171
156
289
295
171
156
289
295
171
156
289
295
171
156
289
295
171
155
299
299
177
208
416
416
236
264
544
548
36
316
660
660
80
328
696
700
92
304
628
628
68
252
504
504
20
196
384
384
220
153
283
288
167
153
283
288
167
153
283
288
167
153
283
288
167
153
283
288
167
153
283
288
167
153
283
288
167
153
283
288
167
153
283
288
167
141
269
269
160
184
360
360
208
228
456
460
0
264
540
544
32
276
568
572
40
260
528
532
24
224
440
444
248
180
344
348
200
143
264
263
157
143
264
263
157
143
264
263
157
143
264
263
157
143
264
263
157
143
264
263
157
143
264
263
157
143
264
263
157
143
264
263
157
125
228
233
140
152
292
292
172
184
356
360
208
208
416
420
232
220
436
440
244
208
412
416
232
184
356
360
208
156
292
292
176
129
233
233
144
129
233
233
144
129
233
233
144
129
233
233
144
129
233
233
144
129
233
233
144
129
233
233
144
129
233
233
144
129
233
233
144
104
185
185
119
125
228
228
145
141
265
269
160
160
299
303
179
167
313
317
185
160
300
299
179
147
271
269
165
129
233
233
144
108
191
191
123
108
191
191
123
108
191
191
123
108
191
191
123
108
191
191
123
108
191
191
123
108
191
191
123
108
191
191
123
108
191
191
123
0
0
0
0
0
0
0
0
0
0
0
0
0
0
0
0
0
0
0
0
0
0
0
0
0
0
0
0
0
0
0
0
0
0
0
0
0
0
0
0
0
0
0
0
0
0
0
0
0
0
0
0
0
0
0
0
0
0
0
0
0
0
0
0
0
0
0
0
0
0
0
0
0
0
0
0
0
0
0
0
0
0
0
0
0
0
0
0
0
0
0
0
0
0
0
0
0
0
0
0
0
0
0
0
0
0
0
0
0
0
0
0
0
0
0
0
0
0
0
0
0
0
0
0
0
0
0
0
0
0
0
0
0
0
0
0
0
0
0
0
0
0
0
0
0
0
0
0
0
0
0
0
0
0
0
0
0
0
0
0
0
0
0
0
0
0
0
0
0
0
0
0
0
0
0
0
0
0
0
0
0
0
0
0
0
0
0
0
0
0
0
0
0
0
0
0
0
0
0
0
0
0
0
0
0
0
0
0
0
0
0
0
0
0
0
0
0
0
0
0
0
0
0
0
0
0
0
0
0
0
0
0
0
0
0
0
0
0
0
0
0
0
0
0
0
0
0
0
0
0
0
0
0
0
0
0
0
0
0
0
0
0
0
0
0
0
0
0
0
0
0
0
0
0
0
0
0
0
0
0
0
0
0
0
0
0
0
0
0
0
0
0
0
0
0
0
0
0
0
0
0
0
0
0
0
0
0
0
0
0
0
0
0
0
0
0
0
0
0
0
0
0
0
0
0
0
0
0
0
0
0
0
0
0
0
0
0
0
0
0
0
0
0
0
0
0
0
0
0
0
0
0
0
0
0
0
0
0
0
0
0
0
0
0
0
0
0
0
0
0
0
0
0
0
0
0
0
0
0
0
0
0
0
0
0
0
0
0
0
0
0
0
0
0
0
0
0
0
0
0
0
0
0
0
0
0
0
0
R 最小为:0 R 最大为:436
Gr最小为:0 Gr最大为:900
Gb最小为:0 Gb最大为:900
B 最小为:0 B 最大为:248
LSCDistanceSpec为：640

68
352
600
240
140
356
364
156
151
228
292
332
88
188
588
332
79
396
588
212
161
396
356
136
161
252
268
292
104
208
540
292
83
432
544
184
188
432
332
116
187
272
236
252
117
220
484
248
99
456
484
160
215
460
296
95
219
284
208
204
137
228
428
205
116
464
428
133
243
468
268
87
241
292
176
189
153
220
376
189
123
456
372
127
260
460
232
108
264
284
148
232
169
208
320
232
129
432
320
148
275
436
204
124
279
272
128
272
175
188
272
272
137
400
272
176
285
400
176
140
289
252
101
304
183
168
229
304
136
360
229
196
289
360
144
160
293
228
107
340
187
148
224
344
137
316
225
220
285
316
149
180
289
200
128
376
183
128
272
380
129
280
268
240
279
280
176
196
283
180
148
408
175
112
312
412
121
240
312
260
264
240
200
208
264
152
172
428
169
91
364
432
116
197
360
272
245
197
232
212
245
125
200
436
157
95
416
440
99
209
416
276
217
209
264
208
223
137
232
432
137
116
476
436
88
252
476
272
187
252
296
196
185
164
260
412
117
136
528
416
72
292
528
260
160
292
324
180
160
188
284
384
104
156
568
384
61
336
572
244
144
336
348
164
144
216
296
348
88
184
588
348
73
384
592
220
161
384
360
144
161
244
288
308
104
212
580
308
84
436
580
196
188
440
352
124
188
276
264
272
120
236
536
272
104
480
536
172
220
484
328
104
224
300
232
228
144
252
480
228
120
512
480
148
252
516
296
83
256
316
204
185
164
260
424
185
132
528
424
121
280
528
264
80
284
324
176
176
180
252
372
176
144
516
372
115
308
520
232
96
312
320
148
208
196
232
320
208
156
484
316
136
328
484
200
112
332
300
124
244
212
212
272
248
164
440
272
160
344
440
172
128
348
272
103
276
220
184
224
280
168
392
224
180
348
392
145
144
352
248
103
308
224
160
221
308
164
344
221
200
344
344
140
156
348
216
124
336
220
140
264
336
156
300
264
216
332
300
172
168
336
188
144
360
212
120
304
364
148
256
304
232
312
256
196
180
312
164
164
376
196
99
352
380
132
213
348
240
288
213
224
180
288
137
192
380
184
103
400
384
120
221
400
244
260
221
256
180
260
145
220
376
164
124
456
380
104
264
456
240
224
264
288
172
228
172
248
364
144
144
504
364
88
308
504
232
192
304
312
160
192
200
268
340
120
168
536
344
72
356
540
216
160
356
332
144
165
228
276
312
104
196
552
312
80
408
556
200
175
408
340
128
175
260
272
280
115
228
548
284
96
468
548
180
212
468
336
112
212
292
248
248
136
256
504
248
116
520
508
156
248
520
312
92
252
320
220
208
160
276
460
204
132
556
460
132
284
560
284
76
284
340
196
171
184
288
408
172
148
576
408
111
316
576
256
69
320
352
168
160
204
280
356
160
168
564
356
104
352
568
224
80
352
344
144
187
224
256
308
187
180
520
308
120
380
524
196
96
384
320
124
217
240
228
264
216
192
468
264
139
400
468
168
112
404
288
97
249
252
200
216
248
196
416
216
159
404
416
141
123
412
260
95
276
256
172
204
276
192
364
204
179
400
364
132
135
404
228
116
293
252
144
252
299
180
312
252
189
380
312
164
147
384
196
136
312
240
124
288
316
168
268
288
200
356
268
188
153
356
172
152
328
224
103
328
332
152
225
328
213
320
225
212
153
324
145
176
332
204
107
376
336
136
224
376
212
288
225
240
153
288
149
200
328
184
128
420
332
120
272
420
213
256
268
264
145
256
176
224
316
164
148
456
321
100
316
460
205
216
312
288
139
216
204
236
297
136
172
484
301
79
364
488
189
179
360
304
128
179
232
244
280
115
200
496
280
87
420
500
179
188
420
312
112
188
264
240
253
125
236
488
252
108
480
492
159
236
480
304
96
236
300
224
216
152
264
464
216
128
532
464
140
272
532
288
81
272
328
204
181
176
288
428
183
144
576
428
116
312
580
268
71
312
352
180
155
200
300
380
156
168
596
380
100
R 最小为:61 R 最大为:412
Gr最小为:91 Gr最大为:596
Gb最小为:95 Gb最大为:600
B 最小为:69 B 最大为:440
LSCDistanceSpec为：8

93
488
708
236
215
476
368
204
209
244
352
432
100
264
696
416
115
528
676
212
257
516
352
176
257
264
324
384
127
284
640
372
140
556
624
188
304
544
320
156
307
284
292
336
153
292
584
332
160
576
568
168
340
564
292
124
343
292
260
277
168
292
532
273
176
580
512
131
368
568
264
137
371
292
224
299
184
284
472
295
187
568
456
144
385
552
232
164
393
284
192
352
200
268
412
348
193
540
400
176
405
528
204
188
408
268
172
392
207
248
368
380
197
508
364
196
412
492
184
212
420
248
140
436
211
224
315
424
197
464
311
216
412
448
152
240
420
228
160
480
209
196
351
468
193
416
348
240
409
404
176
260
412
204
192
516
207
172
404
504
187
372
396
260
393
360
208
276
401
184
220
544
199
152
448
532
175
332
436
276
375
328
228
288
377
164
252
560
188
120
508
548
164
273
492
284
352
269
260
288
355
132
288
564
177
153
564
548
148
332
548
284
320
328
288
276
323
165
320
548
161
180
620
536
123
380
604
276
280
376
316
260
277
192
348
524
136
204
672
508
104
424
656
260
235
412
344
240
236
212
364
488
111
236
708
472
88
472
692
240
208
460
360
212
209
240
368
440
95
264
712
428
109
524
696
216
247
512
364
188
247
264
348
396
116
292
684
384
136
572
668
192
300
556
344
164
300
288
320
356
148
312
636
344
156
608
620
172
336
596
316
140
328
308
288
312
164
324
580
304
176
640
564
152
372
620
288
113
364
324
256
253
184
324
528
251
192
644
512
120
400
624
260
116
392
324
224
263
200
312
468
259
208
624
452
124
428
604
232
148
420
312
192
316
216
292
412
312
220
588
396
156
448
572
204
168
440
292
168
360
228
268
368
348
224
544
360
176
460
528
184
192
452
268
141
396
232
240
309
388
224
496
307
196
460
480
152
212
452
244
156
432
236
212
344
420
220
444
340
216
452
428
168
232
444
220
188
464
228
184
392
452
208
396
388
232
436
380
200
244
428
192
212
484
220
160
440
476
196
352
428
244
412
344
220
252
404
176
244
500
204
133
492
488
180
293
480
252
384
291
252
252
376
144
276
500
188
161
548
488
164
348
532
252
352
339
276
244
344
172
308
492
172
188
596
476
144
396
584
248
312
392
304
228
304
204
332
468
152
216
640
456
120
440
628
232
272
428
328
212
268
224
344
440
132
248
672
428
99
496
656
216
229
484
340
192
225
252
344
404
105
280
672
392
129
552
656
196
283
536
340
172
279
280
332
368
136
308
648
356
156
604
632
176
336
592
328
148
332
308
308
324
168
336
608
312
176
656
592
156
368
640
304
124
360
336
276
276
184
352
560
272
196
692
544
132
408
672
280
97
396
352
248
228
204
356
504
229
220
700
492
105
444
680
252
95
436
356
216
225
224
340
452
221
236
672
440
108
480
652
224
121
468
336
188
273
240
312
400
275
252
624
388
135
504
608
196
152
492
312
164
328
256
284
356
327
260
572
352
165
516
556
176
171
508
284
132
369
260
252
297
367
260
520
293
185
520
504
144
191
508
256
148
395
264
220
328
399
252
464
324
205
512
448
160
205
500
228
180
421
256
192
376
425
240
408
372
216
492
392
192
217
476
200
204
441
244
168
420
444
224
364
408
228
460
356
212
220
448
180
232
452
228
141
468
456
200
305
456
236
424
303
236
225
412
148
260
452
208
165
516
456
180
351
504
236
388
348
260
217
376
176
288
444
188
192
560
444
160
404
548
227
348
396
284
207
336
208
308
425
168
220
596
429
136
452
584
221
304
436
304
191
300
228
316
403
148
256
616
401
109
508
604
205
251
492
312
176
247
260
316
372
116
288
620
376
141
564
604
191
312
552
312
156
313
288
304
336
153
320
600
335
168
624
588
171
360
608
300
132
356
316
284
287
180
348
568
291
192
676
556
140
400
660
284
103
388
348
260
244
200
368
528
240
216
716
512
116
444
700
260
87
432
368
232
212
224
372
480
208
244
724
464
100
R 最小为:88 R 最大为:520
Gr最小为:120 Gr最大为:724
Gb最小为:132 Gb最大为:712
B 最小为:87 B 最大为:564
LSCDistanceSpec为：148

88
480
704
240
211
468
368
208
205
244
352
436
95
260
696
420
115
520
676
216
253
508
352
180
253
264
324
384
121
276
640
372
140
548
624
188
300
536
324
156
303
280
292
340
148
288
584
336
156
568
568
168
337
556
292
124
340
288
260
281
168
288
532
277
172
572
512
136
359
560
264
136
367
288
224
303
184
280
472
299
183
560
456
148
383
548
232
168
391
280
192
356
196
264
412
352
189
536
400
180
397
520
204
192
404
268
172
396
203
244
368
388
193
504
364
196
409
488
184
216
412
248
140
444
211
220
315
432
193
460
305
220
408
444
152
244
416
224
165
488
211
192
351
476
189
412
347
244
405
400
176
268
408
204
192
528
207
168
404
516
183
368
400
268
389
356
208
288
392
180
220
556
200
148
452
544
171
328
440
284
371
320
232
296
373
160
256
576
188
121
508
560
160
269
496
292
348
267
260
296
352
128
288
576
172
153
564
560
144
332
552
292
311
328
288
284
315
164
320
560
157
180
620
548
119
380
608
284
272
376
320
268
269
196
348
532
132
204
672
520
100
420
660
268
232
408
348
244
228
212
368
496
107
232
712
480
89
468
696
244
205
456
364
216
207
240
368
444
96
260
720
432
109
516
700
220
243
504
368
188
243
264
352
400
116
284
688
388
136
560
672
196
296
548
352
168
296
284
324
360
148
304
640
348
156
600
624
176
332
588
320
144
324
304
292
312
164
320
584
308
172
628
568
152
364
612
292
112
356
320
260
253
184
320
528
249
188
632
512
120
396
616
264
121
388
320
224
265
200
308
468
267
204
616
452
128
420
600
232
148
412
308
192
324
212
288
412
320
216
584
396
160
440
568
204
172
436
292
168
364
224
264
368
356
220
540
360
180
452
524
184
196
444
268
141
404
232
236
309
396
220
492
307
200
456
476
152
220
448
244
161
444
232
208
348
432
216
440
339
224
448
424
172
240
440
216
188
476
228
180
396
464
204
392
392
240
432
376
204
252
424
192
216
500
216
160
444
488
192
348
428
256
408
344
224
260
400
172
248
512
204
128
496
504
176
289
484
264
380
285
256
260
368
140
280
516
188
161
552
504
160
348
540
264
348
344
284
252
336
172
312
504
168
188
600
492
140
396
588
256
304
392
308
236
296
204
336
480
148
216
648
468
116
440
632
240
264
428
332
216
260
224
352
448
128
248
680
436
95
496
664
224
221
480
348
196
223
252
352
412
107
276
684
400
124
548
668
204
279
532
348
172
280
280
336
372
136
304
660
360
156
600
644
180
332
584
336
148
328
304
312
328
168
332
616
316
172
648
600
156
364
632
312
124
356
332
280
280
180
348
564
276
196
684
548
136
400
664
284
97
392
348
248
232
200
352
508
228
216
692
496
109
440
672
256
100
428
352
220
228
220
336
456
229
232
664
440
112
472
648
228
127
460
336
188
281
236
308
400
283
248
620
388
139
496
604
200
156
484
312
164
337
252
280
356
340
252
572
352
169
512
552
180
180
500
284
137
377
260
252
303
380
256
516
293
195
512
500
148
199
504
256
153
407
260
220
327
411
248
460
323
213
504
444
164
213
492
228
180
439
256
188
380
443
236
408
376
229
484
392
196
225
472
200
204
457
240
168
424
461
220
364
412
240
456
356
212
233
444
180
236
469
224
136
476
472
196
305
464
243
420
303
240
233
408
148
264
468
204
165
524
472
176
356
512
243
380
347
268
225
368
176
292
456
188
192
568
460
156
404
556
240
340
400
292
209
332
208
312
437
164
220
608
436
132
452
592
224
296
436
312
195
292
232
324
411
144
256
628
409
105
508
616
208
243
492
320
180
239
260
328
380
117
288
632
379
141
564
616
193
313
548
324
161
309
288
312
345
153
316
612
344
168
620
596
175
356
604
312
132
352
316
292
296
180
348
580
295
188
672
564
145
396
656
292
108
384
344
264
243
196
368
532
244
216
712
520
115
440
696
268
87
428
364
236
211
220
372
484
207
240
724
468
99
R 最小为:88 R 最大为:512
Gr最小为:121 Gr最大为:724
Gb最小为:137 Gb最大为:720
B 最小为:87 B 最大为:576
LSCDistanceSpec为：152

88
480
704
240
211
472
368
208
205
244
352
436
95
260
696
420
115
520
676
216
253
508
352
180
253
264
324
384
121
276
644
372
140
548
624
188
300
536
320
156
303
280
292
340
148
288
588
336
156
568
568
168
337
556
292
124
339
288
260
281
169
288
532
277
172
572
512
136
364
560
264
136
367
288
224
303
184
280
472
297
183
564
456
148
383
548
232
168
389
280
192
356
196
264
416
356
189
536
400
180
397
524
204
192
404
268
172
396
203
244
368
388
193
504
364
196
409
488
184
216
412
248
140
444
211
220
315
432
193
460
311
220
408
444
152
244
416
224
165
488
211
192
351
476
189
412
347
244
405
400
176
268
408
200
192
528
207
168
404
516
183
368
400
268
389
356
208
288
392
180
220
556
200
148
452
544
171
328
440
284
371
320
232
296
373
160
256
576
188
121
512
560
160
269
496
292
348
267
260
296
352
128
288
576
172
153
568
564
144
337
552
292
316
328
288
284
315
164
320
564
157
180
624
548
119
380
608
284
271
376
320
268
269
196
348
532
132
204
676
520
100
420
660
268
232
408
348
244
228
212
368
496
107
232
712
480
89
472
696
244
205
456
364
216
207
240
372
448
96
260
720
432
109
520
700
220
243
504
368
188
243
264
352
400
116
288
692
388
136
564
672
196
296
548
352
168
296
284
324
360
148
308
640
348
156
600
624
176
332
588
320
144
324
304
292
312
164
320
584
308
172
628
568
152
364
612
292
112
360
320
260
253
180
320
528
255
188
636
512
120
396
620
264
121
388
320
224
265
200
308
472
267
204
616
456
128
420
600
232
148
416
308
192
324
212
288
412
320
216
584
396
160
440
568
204
172
436
288
168
364
224
264
368
356
220
540
360
180
452
524
184
196
444
268
141
404
232
236
309
396
220
492
307
200
456
476
152
220
448
244
161
444
232
208
348
432
216
440
339
224
448
428
172
240
440
216
188
476
228
180
396
464
204
392
392
240
432
380
204
256
424
192
216
500
216
160
444
488
192
348
432
256
408
344
224
260
400
172
248
516
204
128
500
504
176
295
484
264
380
285
256
264
368
140
280
516
188
161
552
504
160
348
540
264
348
344
284
252
336
172
312
504
168
188
604
492
140
396
588
256
308
392
308
236
296
204
336
480
148
216
648
468
116
440
632
240
264
428
332
216
260
224
352
448
128
248
680
436
95
496
664
220
221
480
348
196
223
252
352
412
107
276
684
400
124
548
668
200
284
532
348
172
280
280
336
372
136
304
660
360
156
600
644
180
332
584
336
148
328
304
312
328
168
332
616
316
172
648
600
156
368
632
308
124
356
332
280
280
180
348
564
276
196
684
552
136
404
664
284
103
392
348
248
232
200
352
512
228
216
692
496
109
440
672
256
100
428
352
220
228
220
336
456
229
232
668
444
107
472
648
228
127
460
336
188
281
236
312
404
283
248
620
388
139
496
604
196
156
488
312
164
337
252
280
356
340
252
572
352
169
512
556
180
180
500
284
137
377
260
252
303
380
256
520
299
195
516
500
143
199
504
256
153
412
260
220
332
411
248
460
328
208
508
444
165
213
496
228
180
439
256
188
380
443
236
408
376
229
484
392
192
224
472
200
204
457
240
168
424
461
220
364
412
240
456
356
212
233
444
180
236
468
224
136
476
472
196
305
464
243
420
303
240
232
408
148
268
468
204
165
524
472
176
356
512
243
380
347
268
225
368
176
292
456
184
192
572
460
156
404
556
240
340
400
292
209
332
208
316
437
164
220
608
441
132
452
592
224
296
436
312
195
292
228
328
411
144
256
632
415
105
508
616
209
243
496
320
180
244
260
328
380
117
288
632
379
141
564
616
195
313
552
320
161
309
288
312
345
153
320
612
344
168
620
596
175
356
604
312
132
352
316
292
296
180
348
580
295
188
676
564
145
396
656
292
108
384
344
264
243
196
368
536
244
216
716
520
115
440
696
268
87
428
364
236
211
220
372
484
207
240
724
472
99
R 最小为:88 R 最大为:516
Gr最小为:121 Gr最大为:724
Gb最小为:137 Gb最大为:720
B 最小为:87 B 最大为:576
LSCDistanceSpec为：152

88
480
704
240
211
468
368
208
207
244
352
436
95
260
692
420
115
520
676
216
253
508
352
180
255
260
324
384
121
276
640
372
140
548
624
188
300
536
320
156
303
280
292
340
148
288
584
336
156
568
568
168
337
556
292
124
340
288
260
276
169
288
528
277
172
572
512
136
359
560
264
136
367
288
224
303
184
280
472
299
183
560
456
148
383
548
232
168
385
280
192
356
196
264
412
352
189
536
400
180
397
520
204
192
405
268
168
396
203
244
368
388
193
500
360
196
404
488
184
216
412
248
141
444
211
220
315
432
193
460
307
220
408
444
152
244
416
224
165
488
211
192
351
476
189
412
347
244
405
400
176
268
408
200
192
528
207
168
404
516
183
368
400
268
389
356
208
288
392
180
220
556
200
148
452
544
171
328
440
284
371
320
232
296
373
160
256
572
188
121
508
560
160
269
496
292
348
267
260
296
352
128
288
576
172
153
564
560
144
332
552
292
311
328
288
284
315
165
320
560
157
180
620
548
119
380
608
284
272
376
316
268
269
192
348
532
132
204
672
520
100
420
656
268
232
408
344
244
228
212
368
496
107
232
712
480
89
468
696
244
205
456
364
216
207
236
368
444
91
260
716
432
109
516
700
220
243
504
368
188
244
264
352
400
116
284
688
388
136
560
672
196
296
548
348
168
292
284
324
360
148
304
640
348
156
600
624
176
332
584
320
140
324
304
292
312
164
320
584
308
172
628
568
152
364
612
292
113
356
316
260
253
180
320
528
249
188
632
512
120
396
616
264
121
388
320
224
265
200
308
468
261
204
616
452
128
420
600
232
148
412
308
192
324
212
288
412
320
216
580
396
160
440
564
204
172
432
288
168
364
224
264
368
356
220
540
360
180
452
524
184
196
444
268
141
404
232
236
309
396
220
492
307
200
456
476
152
220
448
244
161
444
232
208
343
432
216
440
339
220
448
424
172
240
440
216
188
476
228
180
396
464
204
392
392
240
432
376
204
252
424
192
216
500
216
160
440
488
192
348
428
256
408
344
224
260
400
172
248
512
204
128
496
500
176
289
484
264
380
285
256
260
368
140
280
516
188
161
552
504
160
348
536
264
348
344
280
252
336
172
312
504
168
188
600
492
140
396
588
256
304
392
308
236
296
204
336
480
148
216
648
468
116
440
632
240
264
428
332
216
260
224
352
448
128
248
680
436
95
492
664
220
221
480
348
196
223
252
352
412
107
276
684
400
124
548
668
200
279
532
348
172
280
280
336
372
136
304
660
360
156
596
640
180
332
584
336
148
328
304
312
328
168
332
616
316
172
648
600
156
364
632
308
124
356
332
280
280
180
348
564
276
192
680
548
136
400
664
284
97
392
348
248
232
200
352
508
228
216
692
492
109
436
672
252
100
428
352
220
228
220
336
456
224
232
664
440
107
472
648
228
127
460
336
188
281
236
308
400
283
248
620
388
139
496
604
196
156
484
308
164
337
252
280
356
340
252
572
352
169
508
552
176
180
500
284
137
377
260
252
297
380
256
516
293
195
512
500
144
199
504
256
153
407
260
220
327
411
248
460
323
209
504
444
165
213
492
228
180
439
252
188
380
437
236
408
376
229
484
392
192
225
472
200
204
457
240
168
424
461
220
364
412
240
456
356
212
233
444
180
236
469
224
136
476
468
196
305
460
243
420
303
240
233
408
148
264
468
204
165
524
472
176
351
512
243
380
347
268
225
368
176
292
456
184
192
568
460
156
404
556
240
340
400
292
209
328
208
312
437
164
220
604
436
132
452
592
224
296
436
308
195
292
228
324
411
144
256
628
409
105
508
612
209
243
492
320
180
239
260
324
380
117
288
632
379
141
564
616
195
313
548
320
156
309
288
312
345
153
316
612
344
168
620
596
175
356
604
308
132
352
316
292
296
180
348
580
295
188
672
564
145
396
656
292
108
384
344
264
243
196
368
532
239
216
712
520
115
436
696
264
87
428
364
236
211
220
372
484
207
240
724
468
99
R 最小为:88 R 最大为:512
Gr最小为:121 Gr最大为:724
Gb最小为:137 Gb最大为:716
B 最小为:87 B 最大为:576
LSCDistanceSpec为：152

88
480
704
240
211
468
368
208
207
244
352
432
95
260
692
420
115
516
676
216
253
508
352
180
255
264
320
384
121
276
640
372
140
548
624
188
300
536
320
156
303
276
288
340
148
284
584
332
156
568
568
168
337
556
292
124
340
288
256
276
169
288
528
273
172
572
512
136
359
560
264
136
367
288
224
303
184
280
472
299
183
560
456
148
383
548
232
168
385
280
192
356
196
264
412
352
189
536
400
180
397
520
204
188
405
268
168
396
203
244
368
384
193
500
360
196
404
488
184
216
412
248
141
440
211
220
315
432
193
456
307
220
408
444
152
244
416
224
165
488
211
192
351
476
189
412
347
244
400
400
176
268
408
200
192
528
207
168
404
512
183
368
400
268
389
356
208
284
393
180
220
556
200
148
452
544
171
328
436
284
371
320
232
296
375
160
256
572
188
116
508
560
160
269
496
292
348
267
260
296
347
128
288
576
172
153
564
560
144
332
552
292
312
328
288
284
315
164
320
560
157
180
620
548
120
380
604
284
272
376
316
268
269
196
348
532
132
204
672
516
100
420
656
268
232
408
344
244
228
212
368
496
107
232
712
480
89
468
692
244
205
456
364
216
201
240
368
444
96
260
716
432
109
516
700
220
243
504
368
188
244
264
352
400
116
284
688
388
136
560
672
196
296
548
348
164
292
284
324
360
148
304
640
348
156
600
620
176
332
584
320
140
324
304
292
312
164
320
584
308
172
628
568
152
364
612
292
113
356
320
260
253
180
320
528
249
188
632
512
120
396
616
264
121
388
320
224
265
200
308
468
261
204
616
452
128
420
600
232
148
412
308
192
324
212
288
412
320
216
580
396
160
440
564
204
172
432
288
168
364
224
264
368
356
220
540
360
180
452
524
184
196
444
268
141
404
232
236
309
392
220
492
307
200
456
476
152
216
448
244
161
440
232
208
343
432
216
440
339
220
448
424
172
240
440
216
188
476
228
180
396
464
204
392
392
240
432
376
204
252
420
192
216
500
216
160
440
488
192
348
428
256
408
344
224
260
396
172
248
512
204
128
496
500
176
289
484
264
380
285
256
260
368
140
280
516
188
161
552
504
160
348
536
264
344
344
280
252
336
172
308
504
168
188
600
488
136
396
588
256
304
392
308
236
296
204
336
480
148
216
648
464
116
440
632
240
264
428
332
216
260
224
352
448
128
248
676
436
95
492
660
220
221
480
348
196
223
252
352
408
107
276
684
396
124
548
664
200
279
532
348
172
280
280
336
372
136
304
656
360
156
596
640
180
332
584
336
148
328
304
312
328
168
332
616
316
172
644
600
156
364
632
308
124
356
332
280
276
180
348
564
272
192
680
548
136
400
664
284
97
392
348
248
233
200
352
508
229
216
688
492
109
436
672
252
100
428
352
220
228
220
336
456
224
232
664
440
107
468
648
228
127
460
336
188
281
236
308
400
283
248
620
388
139
496
604
196
156
484
312
164
337
252
280
356
335
252
568
352
169
508
552
180
180
500
284
137
377
260
252
297
376
252
516
293
195
512
500
143
200
504
256
153
408
260
220
327
411
248
460
323
209
504
444
165
213
492
228
180
433
252
188
380
437
236
404
376
229
484
392
192
225
472
200
204
457
240
168
424
461
216
360
412
240
456
356
212
233
444
180
236
464
224
136
472
468
196
307
460
243
420
303
240
233
404
148
264
468
204
165
524
472
176
351
512
243
380
347
268
225
368
176
292
456
184
192
568
461
156
404
556
240
340
400
292
209
328
208
312
437
164
220
604
437
132
452
592
224
296
436
308
195
292
228
324
411
144
256
628
409
105
508
612
209
243
492
320
175
239
260
324
381
117
288
632
380
141
564
616
195
313
548
320
156
309
288
312
345
153
316
612
344
168
620
596
175
356
604
308
132
352
316
292
296
180
344
576
295
188
672
564
145
396
656
292
108
384
344
264
244
196
368
532
240
216
712
516
115
436
696
264
87
428
364
236
212
220
368
484
208
240
724
468
99
R 最小为:88 R 最大为:512
Gr最小为:116 Gr最大为:724
Gb最小为:137 Gb最大为:716
B 最小为:87 B 最大为:576
LSCDistanceSpec为：152

88
480
704
240
211
468
368
208
207
240
352
436
95
260
692
420
115
520
676
216
253
508
352
180
255
260
324
384
121
276
640
372
140
548
624
188
300
536
320
156
303
276
292
340
148
288
584
336
156
568
568
168
337
556
292
124
340
288
260
276
169
288
528
277
172
572
512
136
359
560
264
136
367
288
224
303
184
280
472
299
183
560
456
148
383
548
232
168
391
280
192
356
196
264
412
352
189
536
400
180
397
520
204
192
405
268
168
396
203
244
368
388
193
504
364
196
409
488
184
216
412
248
141
444
211
220
315
432
193
460
305
220
408
444
152
244
416
224
165
488
211
192
351
476
189
412
347
244
405
400
176
268
408
200
192
528
207
168
404
516
183
368
400
268
389
356
208
288
392
180
220
556
200
148
452
544
171
328
440
284
371
320
232
296
373
160
256
576
188
121
508
560
160
269
496
292
348
267
260
296
352
128
288
576
172
153
564
564
144
332
552
292
311
328
288
284
315
165
320
560
152
180
620
548
119
380
608
284
272
376
316
268
269
192
348
532
132
204
672
520
100
420
660
264
232
408
344
244
228
212
368
496
107
232
712
480
89
468
696
244
205
456
364
216
207
236
368
444
91
260
720
432
109
516
700
220
243
504
368
188
244
264
352
400
116
284
688
388
136
560
672
196
296
548
348
168
292
284
324
360
148
308
640
348
156
600
624
176
332
588
320
140
324
304
292
312
164
320
584
308
172
628
568
152
364
612
292
113
356
316
260
253
180
320
528
249
188
632
512
120
396
616
264
121
388
320
224
265
200
308
468
261
204
616
456
128
420
600
232
148
412
308
192
324
212
288
412
320
216
584
396
160
440
568
204
172
432
288
168
364
224
264
368
356
220
540
360
180
452
524
184
196
444
268
141
404
232
236
309
396
220
492
307
200
456
476
152
220
448
244
161
444
232
208
343
432
216
440
339
220
448
424
172
240
440
216
188
476
228
180
396
464
204
392
392
240
432
376
204
252
424
192
216
500
216
160
444
488
192
348
428
256
408
344
224
260
400
172
248
512
204
128
496
500
176
289
484
260
380
285
252
260
368
140
280
516
188
161
552
504
160
348
540
264
348
344
280
252
336
172
312
504
168
188
600
492
140
396
588
256
304
392
308
236
296
204
336
480
148
216
648
468
116
440
632
240
264
428
332
216
260
224
352
448
128
248
680
436
95
492
664
220
221
480
348
196
223
252
352
412
107
276
684
400
124
548
668
200
279
532
348
172
280
280
336
372
136
304
660
360
156
600
640
180
332
584
332
148
328
304
312
328
168
332
616
316
172
648
600
156
364
632
308
124
356
328
280
280
180
348
564
276
192
684
548
136
400
664
280
97
392
348
248
232
200
352
508
228
216
692
496
109
436
672
252
100
428
352
220
228
220
336
456
229
232
664
440
107
472
648
228
127
460
336
188
281
236
308
400
283
248
620
388
139
496
604
196
156
484
308
164
337
252
280
356
340
252
572
352
169
512
552
176
180
500
284
137
377
260
252
297
380
256
516
293
195
512
500
144
199
504
256
153
407
260
220
327
411
248
460
323
209
504
444
165
213
492
228
180
439
252
188
380
437
236
408
376
229
484
392
192
225
472
200
204
457
240
168
424
461
220
364
412
240
456
356
212
233
444
180
236
469
224
136
476
473
196
305
464
244
420
303
240
233
408
148
264
468
204
165
524
472
176
351
512
243
380
347
268
225
368
176
292
456
184
192
568
460
156
404
556
235
340
400
288
209
332
208
312
437
164
220
608
436
132
452
592
224
296
436
308
195
292
228
324
411
144
256
628
409
105
508
616
209
243
492
320
180
239
260
328
380
117
288
632
379
141
564
616
195
313
548
320
156
309
288
312
345
153
320
612
344
168
620
596
175
356
604
308
132
352
316
292
296
180
348
580
295
188
672
564
145
396
656
288
108
384
344
264
243
196
368
532
244
216
712
520
115
440
696
264
87
428
364
236
211
220
372
484
207
240
724
468
99
R 最小为:88 R 最大为:512
Gr最小为:121 Gr最大为:724
Gb最小为:137 Gb最大为:720
B 最小为:87 B 最大为:576
LSCDistanceSpec为：152

88
480
704
240
211
468
368
208
207
240
352
432
95
260
692
420
115
516
676
216
253
508
352
180
255
260
324
384
121
276
640
372
140
548
624
188
300
536
320
156
303
276
292
340
148
288
584
336
156
568
568
168
337
556
292
124
340
288
260
276
169
288
528
277
172
572
512
136
359
560
264
136
367
288
224
303
184
280
472
299
183
560
456
148
383
548
232
168
385
280
192
356
196
264
412
352
189
536
400
180
397
520
204
192
405
268
168
396
203
244
368
384
193
500
360
196
404
488
184
216
412
248
141
440
211
220
315
432
193
456
307
220
408
444
152
244
416
224
165
488
211
192
351
476
189
412
347
244
405
400
176
268
408
200
192
528
207
168
404
516
183
368
400
268
389
356
208
284
392
180
220
556
200
148
452
544
171
328
440
284
371
320
232
296
373
160
256
572
188
121
508
560
160
269
496
292
348
267
260
296
352
128
288
576
172
153
564
560
144
332
552
292
311
328
288
284
315
165
320
560
157
180
620
548
119
380
608
284
272
376
316
268
269
192
348
532
132
204
672
516
100
420
656
268
232
408
344
244
228
212
368
496
107
232
712
480
89
468
692
244
205
456
364
216
201
236
368
444
96
260
716
432
109
516
700
220
243
504
368
188
244
264
352
400
116
284
688
388
136
560
672
196
296
548
348
168
292
284
324
360
148
304
640
348
156
600
624
176
332
584
320
140
324
304
292
312
164
320
584
308
172
628
568
152
364
612
292
113
356
316
260
253
180
320
528
249
188
632
512
120
396
616
264
121
388
320
224
265
200
308
468
261
204
616
452
128
420
600
232
148
412
308
192
324
212
288
412
320
216
580
396
160
440
564
204
172
432
288
168
364
224
264
368
356
220
540
360
180
452
524
184
196
444
268
141
404
232
236
309
392
220
492
307
200
456
476
152
216
448
244
161
444
232
208
343
432
216
440
339
220
448
424
172
240
440
216
188
476
228
180
396
464
204
392
392
240
432
376
204
252
424
192
216
500
216
160
440
488
192
348
428
256
408
344
224
260
400
172
248
512
204
128
496
500
176
289
484
264
380
285
256
260
368
140
280
516
188
161
552
504
160
348
536
264
348
344
280
252
336
172
308
504
168
188
600
488
140
396
588
256
304
392
308
236
296
204
336
480
148
216
648
464
116
440
632
240
264
428
332
216
260
224
352
448
128
248
680
436
95
492
664
220
221
480
348
196
223
252
352
412
107
276
684
400
124
548
664
200
279
532
348
172
280
280
336
372
136
304
656
360
156
596
640
180
332
584
336
148
328
304
312
328
168
332
616
316
172
644
600
156
364
632
308
124
356
332
280
280
180
348
564
272
196
680
548
136
400
664
284
97
392
348
248
232
200
352
508
229
216
692
492
109
436
672
252
100
428
352
220
228
220
336
456
224
232
664
440
107
472
648
228
127
460
336
188
281
236
308
400
283
248
620
388
139
496
604
196
156
484
308
164
337
252
280
356
335
252
572
352
169
508
552
176
180
500
284
137
377
260
252
297
376
256
516
293
195
512
500
144
200
504
256
153
407
260
220
327
411
248
460
323
209
504
444
165
213
492
228
180
439
252
188
380
437
236
408
376
229
484
392
192
225
472
200
204
457
240
168
424
461
216
364
412
240
456
356
212
233
444
180
236
469
224
136
476
473
196
305
460
243
420
303
240
233
408
148
264
468
204
165
524
472
176
351
512
243
380
347
268
225
368
176
292
456
184
192
568
461
156
404
556
240
340
400
288
209
328
208
312
437
164
220
604
437
132
452
592
224
296
436
308
195
292
228
324
411
144
256
628
409
105
508
612
209
243
492
320
180
239
260
324
380
117
288
632
379
141
564
616
195
313
548
320
156
309
288
312
345
153
316
612
344
168
620
596
175
356
604
308
132
352
316
292
296
180
348
576
295
188
672
564
145
396
656
292
108
384
344
264
243
196
368
532
240
216
712
516
115
436
696
264
87
428
364
236
211
220
372
484
208
240
724
468
99
R 最小为:88 R 最大为:512
Gr最小为:121 Gr最大为:724
Gb最小为:137 Gb最大为:716
B 最小为:87 B 最大为:576
LSCDistanceSpec为：152

88
480
704
240
211
468
368
208
207
240
352
436
95
260
692
420
115
516
676
216
253
508
352
180
255
260
324
384
121
276
640
372
140
548
624
188
300
536
320
156
303
276
288
340
148
288
584
336
156
568
568
168
337
556
292
124
340
288
260
276
169
288
528
277
172
572
512
136
359
560
264
136
367
288
224
303
184
280
472
299
183
560
456
148
383
548
232
168
391
280
192
356
196
264
412
352
189
536
400
180
397
520
204
188
405
268
168
396
203
244
368
388
193
500
360
196
404
488
184
216
412
248
141
440
211
220
315
432
193
460
307
220
408
444
152
244
416
224
165
488
211
192
351
476
189
412
347
244
405
400
176
268
408
200
192
528
207
168
404
516
183
368
400
268
389
356
208
284
392
180
220
556
200
148
452
544
171
328
440
284
371
320
228
296
373
160
256
572
188
121
508
560
160
269
496
292
348
267
260
296
352
128
288
576
172
153
564
560
144
332
552
292
311
328
288
284
315
165
320
560
157
180
620
548
119
380
604
284
272
376
316
268
269
192
348
532
132
204
672
520
100
420
656
264
232
408
344
244
228
212
368
496
107
232
712
480
89
468
692
244
205
456
364
216
207
236
368
444
91
260
716
432
109
516
700
220
243
504
368
188
244
264
352
400
116
284
688
388
136
560
672
196
296
548
348
168
292
284
324
360
148
304
640
348
156
600
620
176
332
584
320
140
324
304
292
312
164
320
584
308
172
628
568
152
364
612
292
113
356
316
260
253
180
320
528
249
188
632
512
120
396
616
264
121
388
320
224
265
200
308
468
261
204
616
452
128
420
600
232
148
412
308
192
324
212
288
412
320
216
580
396
160
440
564
204
172
432
288
168
364
224
264
368
356
220
540
360
180
452
524
184
196
444
268
141
404
232
236
309
396
220
492
307
200
456
476
152
216
448
244
161
444
232
208
343
432
216
440
339
220
448
424
172
240
440
216
188
476
228
180
396
464
204
392
392
240
432
376
204
252
424
192
216
500
216
160
440
488
192
348
428
256
408
344
224
260
400
172
248
512
204
128
496
500
176
289
484
260
380
285
252
260
368
140
280
516
188
161
552
504
160
348
536
264
348
344
280
252
336
172
308
504
168
188
600
488
140
396
588
256
304
392
308
236
296
204
336
480
148
216
648
468
116
440
632
240
264
428
332
216
260
224
352
448
128
248
680
436
95
492
664
220
221
480
348
196
223
252
352
412
107
276
684
400
124
548
664
200
279
532
348
172
280
280
336
372
136
304
656
360
156
596
640
180
332
584
332
148
328
304
312
328
168
332
616
316
172
644
600
156
364
632
308
124
356
328
280
280
180
348
564
272
192
680
548
136
400
664
280
97
392
348
248
232
200
352
508
229
216
692
492
109
436
672
252
100
428
352
220
228
220
336
456
224
232
664
440
107
468
648
228
127
460
336
188
281
236
308
400
283
248
620
388
139
496
604
196
156
484
308
164
337
252
280
356
335
252
568
352
169
508
552
176
180
500
284
137
377
260
252
297
380
252
516
293
195
512
500
144
200
504
256
153
407
260
220
327
411
248
460
323
209
504
444
165
213
492
228
180
439
252
188
380
437
236
404
376
229
484
392
192
225
472
200
204
457
240
168
424
461
216
364
412
240
456
356
212
233
444
180
236
469
224
136
476
468
196
305
460
244
420
303
240
233
408
148
264
468
204
165
524
472
176
351
512
243
380
347
268
225
368
176
292
456
184
192
568
461
156
404
556
240
340
400
288
209
328
208
312
437
164
220
604
436
132
452
592
224
296
436
308
195
292
228
324
411
144
256
628
409
105
508
612
209
243
492
320
180
239
260
324
380
117
288
632
379
141
564
616
195
313
548
320
156
309
288
312
345
153
316
612
344
168
620
596
175
356
604
308
132
352
316
292
296
180
344
580
295
188
672
564
145
396
656
288
108
384
344
264
243
196
368
532
240
216
712
520
115
436
696
264
87
428
364
236
211
220
368
484
208
240
724
468
99
R 最小为:88 R 最大为:512
Gr最小为:121 Gr最大为:724
Gb最小为:137 Gb最大为:716
B 最小为:87 B 最大为:576
LSCDistanceSpec为：152

