 LEFT LENS SHADING DATA RED Channel { 10.666666  13.333334  16.333332  18.000000  21.000000  22.333332  24.000000  25.000000  26.000000  25.000000  24.333332  22.666668  21.000000  18.000000  16.333332  13.333334  10.666666 
 12.000000  16.000000  19.000000  22.000000  25.000000  29.000000  32.000000  33.000000  34.000000  33.000000  31.000000  28.000000  25.000000  22.000000  19.000000  16.000000  12.000000 
 14.000000  18.000000  22.000000  26.000000  30.000000  36.000000  41.000000  44.000000  45.000000  43.000000  40.000000  35.000000  30.000000  25.000000  22.000000  18.000000  14.000000 
 16.000000  20.000000  24.000000  29.000000  36.000000  44.000000  51.000000  55.000000  57.000000  55.000000  50.000000  43.000000  36.000000  29.000000  24.000000  20.000000  16.000000 
 17.000000  21.000000  26.000000  33.000000  42.000000  51.000000  60.000000  66.000000  68.000000  66.000000  60.000000  51.000000  42.000000  33.000000  26.000000  22.000000  18.000000 
 18.000000  22.000000  28.000000  36.000000  46.000000  57.000000  68.000000  74.000000  77.000000  74.000000  67.000000  57.000000  46.000000  36.000000  28.000000  23.000000  19.000000 
 17.666668  23.000000  28.000000  37.000000  47.000000  59.000000  70.000000  77.000000  80.000000  77.000000  70.000000  60.000000  48.000000  37.000000  29.000000  23.000000  19.000000 
 18.000000  22.000000  28.000000  36.000000  46.000000  58.000000  68.000000  75.000000  78.000000  75.000000  69.000000  58.000000  47.000000  36.000000  28.000000  23.000000  19.000000 
 17.000000  21.000000  26.000000  33.000000  42.000000  53.000000  62.000000  68.000000  71.000000  69.000000  62.000000  53.000000  43.000000  34.000000  27.000000  22.000000  18.000000 
 16.000000  20.000000  24.000000  30.000000  37.000000  45.000000  53.000000  58.000000  60.000000  59.000000  53.000000  46.000000  38.000000  30.000000  25.000000  21.000000  17.000000 
 14.000000  18.000000  21.000000  26.000000  31.000000  37.000000  43.000000  46.000000  48.000000  47.000000  43.000000  38.000000  32.000000  26.000000  22.000000  19.000000  15.000000 
 12.000000  16.000000  19.000000  22.000000  26.000000  30.000000  33.000000  36.000000  37.000000  36.000000  34.000000  30.000000  26.000000  23.000000  19.000000  16.000000  13.333334 
 10.666666  13.333334  16.333332  18.000000  20.666668  23.333332  25.000000  26.666668  27.666668  26.666668  26.000000  23.333332  22.000000  19.000000  16.333332  14.666666  12.000000 
 } 
 GR Channel { 34.333332  41.000000  51.000000  58.666664  65.333336  70.666664  75.000000  79.000000  80.000000  79.000000  75.333336  71.000000  65.333336  58.666664  51.000000  42.000000  34.000000 
 39.666668  49.000000  59.000000  68.000000  76.000000  84.000000  91.000000  95.000000  96.000000  95.000000  90.000000  83.000000  76.000000  68.000000  59.000000  50.000000  40.666668 
 45.333332  56.000000  67.000000  77.000000  87.000000  98.000000  107.000000  112.000000  114.000000  112.000000  106.000000  97.000000  87.000000  77.000000  67.000000  57.000000  46.333332 
 51.333336  62.000000  73.000000  85.000000  98.000000  111.000000  123.000000  130.000000  132.000000  130.000000  122.000000  110.000000  98.000000  85.000000  74.000000  63.000000  51.000000 
 54.000000  66.000000  78.000000  92.000000  108.000000  123.000000  137.000000  146.000000  149.000000  146.000000  136.000000  123.000000  107.000000  92.000000  79.000000  67.000000  56.333336 
 57.000000  69.000000  82.000000  97.000000  114.000000  132.000000  148.000000  158.000000  161.000000  157.000000  147.000000  132.000000  114.000000  98.000000  83.000000  70.000000  58.000000 
 57.000000  69.000000  83.000000  99.000000  116.000000  135.000000  151.000000  162.000000  165.000000  162.000000  151.000000  135.000000  117.000000  100.000000  84.000000  71.000000  59.000000 
 56.000000  68.000000  81.000000  97.000000  114.000000  132.000000  148.000000  158.000000  162.000000  158.000000  148.000000  132.000000  115.000000  98.000000  83.000000  70.000000  59.333336 
 54.333336  65.000000  78.000000  91.000000  107.000000  123.000000  137.000000  147.000000  150.000000  147.000000  138.000000  124.000000  108.000000  93.000000  79.000000  68.000000  56.000000 
 50.333336  61.000000  72.000000  84.000000  97.000000  110.000000  122.000000  131.000000  134.000000  131.000000  123.000000  112.000000  99.000000  86.000000  74.000000  63.000000  52.333336 
 45.666668  55.000000  66.000000  76.000000  86.000000  97.000000  106.000000  112.000000  115.000000  113.000000  107.000000  98.000000  87.000000  77.000000  67.000000  58.000000  47.333332 
 39.666668  49.000000  58.000000  67.000000  75.000000  83.000000  90.000000  95.000000  96.000000  95.000000  91.000000  84.000000  76.000000  68.000000  60.000000  51.000000  41.666668 
 33.000000  42.333332  50.000000  57.666664  64.333336  71.000000  75.333336  79.000000  80.000000  79.000000  75.000000  70.666664  65.333336  58.666664  50.666664  43.000000  35.000000 
 } 
 GB Channel { 34.333332  42.333332  51.000000  58.333336  66.333336  72.000000  76.333336  79.000000  81.000000  79.000000  76.333336  72.000000  66.333336  58.333336  50.666664  42.000000  35.333332 
 39.666668  49.000000  59.000000  69.000000  77.000000  84.000000  91.000000  95.000000  97.000000  95.000000  91.000000  84.000000  77.000000  69.000000  60.000000  50.000000  40.666668 
 46.333332  57.000000  67.000000  77.000000  88.000000  98.000000  107.000000  113.000000  115.000000  113.000000  107.000000  98.000000  88.000000  78.000000  68.000000  58.000000  47.333332 
 51.333336  62.000000  74.000000  86.000000  99.000000  112.000000  123.000000  131.000000  133.000000  130.000000  123.000000  112.000000  99.000000  86.000000  75.000000  63.000000  52.333336 
 55.000000  67.000000  79.000000  93.000000  109.000000  124.000000  138.000000  147.000000  150.000000  147.000000  137.000000  124.000000  109.000000  94.000000  80.000000  68.000000  56.000000 
 57.000000  69.000000  83.000000  98.000000  115.000000  133.000000  149.000000  159.000000  162.000000  158.000000  148.000000  133.000000  116.000000  99.000000  84.000000  71.000000  59.000000 
 56.666664  70.000000  84.000000  100.000000  118.000000  136.000000  152.000000  163.000000  166.000000  163.000000  152.000000  137.000000  119.000000  101.000000  85.000000  72.000000  60.000000 
 55.666664  69.000000  82.000000  97.000000  115.000000  133.000000  149.000000  159.000000  162.000000  158.000000  149.000000  134.000000  116.000000  99.000000  84.000000  71.000000  59.000000 
 54.000000  66.000000  78.000000  92.000000  108.000000  124.000000  138.000000  148.000000  151.000000  147.000000  138.000000  125.000000  109.000000  94.000000  80.000000  68.000000  56.000000 
 50.333336  61.000000  73.000000  85.000000  98.000000  111.000000  123.000000  131.000000  134.000000  131.000000  123.000000  112.000000  99.000000  86.000000  74.000000  63.000000  52.333336 
 45.333332  56.000000  66.000000  76.000000  86.000000  97.000000  106.000000  112.000000  114.000000  112.000000  106.000000  97.000000  87.000000  77.000000  67.000000  57.000000  47.666668 
 38.333332  49.000000  58.000000  67.000000  75.000000  83.000000  90.000000  94.000000  96.000000  94.000000  90.000000  83.000000  76.000000  68.000000  59.000000  50.000000  40.666668 
 33.000000  41.000000  50.000000  57.666664  64.333336  69.666664  75.333336  78.000000  78.666664  78.000000  75.333336  71.000000  65.333336  58.666664  51.000000  42.000000  35.333332 
 } 
 B Channel { 18.666668  22.666668  27.666668  32.666668  36.333332  40.333332  43.000000  43.666668  44.666668  45.000000  43.000000  40.333332  36.333332  32.666668  29.000000  24.000000  20.000000 
 22.666668  28.000000  33.000000  38.000000  43.000000  47.000000  51.000000  53.000000  54.000000  53.000000  51.000000  47.000000  43.000000  38.000000  33.000000  28.000000  22.666668 
 25.333332  32.000000  38.000000  43.000000  49.000000  55.000000  60.000000  63.000000  64.000000  63.000000  60.000000  55.000000  49.000000  43.000000  38.000000  32.000000  26.666668 
 29.666668  35.000000  41.000000  48.000000  55.000000  62.000000  69.000000  73.000000  74.000000  73.000000  68.000000  62.000000  55.000000  48.000000  42.000000  35.000000  29.666668 
 31.333332  38.000000  44.000000  52.000000  61.000000  69.000000  77.000000  82.000000  83.000000  82.000000  76.000000  69.000000  61.000000  52.000000  45.000000  38.000000  31.333332 
 32.333332  39.000000  46.000000  55.000000  64.000000  74.000000  83.000000  88.000000  90.000000  88.000000  82.000000  74.000000  64.000000  55.000000  47.000000  40.000000  33.333332 
 32.000000  40.000000  47.000000  56.000000  66.000000  76.000000  85.000000  90.000000  92.000000  90.000000  84.000000  76.000000  66.000000  56.000000  48.000000  40.000000  33.333332 
 32.333332  39.000000  46.000000  55.000000  64.000000  74.000000  83.000000  88.000000  90.000000  88.000000  83.000000  74.000000  65.000000  55.000000  47.000000  40.000000  33.333332 
 30.333332  37.000000  44.000000  52.000000  60.000000  69.000000  77.000000  82.000000  84.000000  82.000000  77.000000  70.000000  61.000000  52.000000  45.000000  38.000000  32.666668 
 28.333332  35.000000  41.000000  48.000000  55.000000  63.000000  69.000000  74.000000  75.000000  74.000000  69.000000  63.000000  56.000000  48.000000  42.000000  36.000000  29.333332 
 25.333332  32.000000  37.000000  43.000000  49.000000  55.000000  60.000000  64.000000  65.000000  64.000000  60.000000  55.000000  49.000000  43.000000  38.000000  32.000000  26.666668 
 22.666668  28.000000  33.000000  38.000000  42.000000  47.000000  51.000000  54.000000  55.000000  54.000000  51.000000  47.000000  43.000000  38.000000  33.000000  28.000000  22.666668 
 18.666668  24.000000  29.000000  32.666668  36.666668  40.333332  43.000000  44.666668  45.666668  44.666668  43.000000  40.333332  36.333332  32.666668  29.000000  24.000000  20.000000 
 } 


 White Balance Data with optical Center Data
 r_center_x =  1167 r_center_y =  903 
 gr_center_x =  1091 gr_center_y =  879 
 b_center_x =  1153 b_center_y =  903 
 gb_center_x =  1162 gb_center_y =  888 
 r/gr 0.489073 
 b/gr 0.562241 
 r_oc_ave 81.755554 
 b_oc_ave 93.986664 
 gr_oc_ave 167.164444 
 gb_oc_ave 168.639999 