4
17
13
1477
1321
1121
945
792
680
593
534
497
480
483
501
529
572
640
719
785
1401
1195
991
825
688
586
511
460
431
424
434
454
482
517
572
650
738
1310
1091
893
735
606
511
444
400
378
377
388
412
441
476
522
591
685
1231
1009
812
663
540
451
393
358
340
340
354
378
407
446
491
551
640
1161
939
759
608
492
411
359
326
308
310
328
354
384
424
471
524
608
1113
893
719
572
461
388
340
306
286
286
306
338
370
411
455
508
588
1098
873
703
556
447
378
331
299
279
274
284
329
362
404
447
500
580
1098
878
703
560
451
381
333
302
284
282
300
333
363
404
449
501
584
1113
903
728
584
472
397
348
316
299
300
319
345
376
413
459
517
602
1169
950
770
627
511
430
376
342
325
325
340
366
397
435
480
541
637
1231
1022
833
683
564
476
414
378
360
358
371
398
427
464
511
580
680
1300
1098
913
756
632
540
473
430
408
403
416
440
468
503
556
637
732
1366
1177
997
833
712
618
545
495
467
460
469
491
521
558
622
709
781
732
652
576
519
486
468
460
459
472
500
547
618
719
860
1042
1250
1464
683
588
517
471
441
422
408
403
409
432
473
536
627
752
928
1144
1377
627
536
475
434
404
379
362
353
358
375
413
472
560
677
842
1062
1310
580
498
444
404
372
345
326
316
318
335
367
422
508
625
777
991
1250
549
472
422
382
348
320
300
287
289
306
335
387
469
584
735
945
1204
531
457
409
368
333
306
282
265
268
286
315
366
445
556
709
913
1177
522
451
402
360
327
300
273
256
259
278
302
356
432
545
700
903
1169
524
452
404
362
330
303
278
263
264
282
311
358
436
554
709
908
1177
538
463
413
372
341
315
293
280
280
296
326
375
457
580
738
939
1204
566
485
432
391
359
333
315
305
306
322
352
405
495
620
781
997
1250
606
519
460
417
387
361
343
335
340
358
394
454
545
671
837
1062
1310
663
570
503
455
423
400
385
380
387
410
452
517
611
745
918
1128
1354
722
642
564
506
471
449
436
436
450
476
522
593
694
837
1009
1195
1401
