4
17
13
855
728
622
555
508
469
443
427
421
426
440
466
504
552
616
724
849
768
641
557
502
454
417
392
376
370
375
389
415
451
499
555
638
763
689
582
513
458
412
377
350
335
329
334
348
372
408
453
508
577
682
631
538
476
423
378
344
319
302
296
301
316
341
373
417
473
538
628
596
515
453
398
355
323
296
276
271
276
292
319
353
397
450
515
596
580
504
440
386
343
309
281
263
258
263
279
307
342
382
436
501
580
575
499
436
382
341
307
279
261
256
261
277
304
340
380
433
497
577
582
504
442
389
346
313
286
268
263
268
283
312
344
387
440
502
585
599
517
454
404
363
330
304
287
281
285
301
327
358
402
458
521
604
634
543
478
427
386
353
329
315
309
313
328
350
382
426
482
545
641
689
580
510
459
419
386
362
346
342
345
359
381
415
459
510
582
697
758
638
552
499
458
426
402
387
382
386
400
423
456
501
555
641
768
832
724
619
552
506
475
451
436
431
436
450
471
506
550
622
724
843
855
728
622
555
506
469
442
427
421
426
442
468
502
550
619
724
849
768
641
557
501
454
417
392
376
370
373
389
415
451
497
552
638
758
689
580
513
458
412
376
351
334
329
334
348
373
408
453
506
577
682
631
541
476
423
379
344
319
301
296
301
317
342
375
417
475
538
628
596
515
453
398
355
323
296
276
271
277
292
319
353
395
450
517
596
580
504
440
387
343
309
282
264
258
263
279
308
342
384
436
502
577
575
499
436
382
341
307
279
261
256
261
277
305
339
380
433
499
575
580
502
442
389
346
314
286
268
263
268
283
312
344
387
440
504
585
599
517
456
404
362
330
305
288
281
286
301
326
357
402
458
521
604
634
541
480
428
385
353
330
315
309
314
328
350
381
424
482
545
644
685
580
508
461
419
385
362
346
342
345
359
381
415
459
513
582
697
758
638
552
501
459
427
402
387
381
386
399
423
456
501
555
644
768
832
720
622
552
506
475
451
437
431
436
448
471
504
552
625
728
838
