4
17
13
1147
1021
920
825
729
642
564
503
457
426
413
413
428
457
501
558
637
1090
975
870
771
676
590
512
450
405
377
365
365
379
407
447
504
577
1051
934
825
726
630
548
471
407
365
339
326
328
341
367
407
462
533
1021
905
795
698
598
512
437
375
333
307
297
300
313
337
375
430
500
997
883
774
671
577
486
410
351
308
283
275
280
294
317
352
407
476
986
870
758
651
558
472
396
336
292
268
262
268
281
303
338
389
457
975
861
748
644
550
466
390
329
285
261
256
262
276
298
333
380
447
970
857
745
647
553
467
390
330
288
264
257
262
276
299
334
383
450
970
857
754
656
562
476
401
341
301
276
267
271
285
309
345
396
463
981
874
774
676
582
496
420
361
321
296
286
289
302
327
365
418
486
992
896
799
706
613
525
450
392
349
323
312
314
328
353
395
449
514
1015
915
825
736
649
566
489
427
384
356
345
349
362
389
431
487
550
1064
934
857
774
692
609
533
472
425
399
388
390
407
435
476
528
596
695
615
548
497
462
442
439
454
486
535
598
676
764
857
954
1026
1125
621
550
485
436
405
390
388
402
431
478
541
619
706
799
901
986
1064
567
497
436
391
363
349
347
359
389
434
497
573
661
754
857
949
1026
530
457
397
357
332
318
316
328
356
403
464
541
626
720
825
920
1003
500
428
373
334
310
296
293
305
334
380
443
519
604
703
806
901
997
477
408
356
320
296
282
279
289
320
367
429
504
592
690
792
887
981
468
399
349
312
289
276
272
282
312
361
423
496
584
682
785
883
975
468
400
350
313
290
278
276
285
313
359
422
494
586
687
785
883
975
478
411
360
323
300
289
288
298
324
369
431
506
598
698
802
905
992
504
436
382
343
320
309
308
320
345
389
452
528
619
723
833
934
1021
540
472
414
374
349
337
336
347
375
420
482
560
647
751
857
960
1045
588
519
461
418
389
375
374
386
416
462
521
596
687
788
892
975
1064
656
577
519
472
440
423
421
434
466
510
569
640
729
825
920
1003
1110
